timestamp,gsr_filtered,ppg_ir,hr_bpm_avg,imu_ax_mps2,imu_ay_mps2,imu_az_mps2,svm,jerk,hr_valid_flag,label,patient_id,day,progression
2026-04-03T01:32:07.485749,1393.646420142125,83628,67,-9.161727766789179,-1.1708759514821923,6.008516113508927,11.01864202398878,,True,walking_dual_task,P08,26,0.284
2026-04-03T01:32:07.530531,1414.2494539433906,83628,65,-9.355110947396826,-1.1327637576001526,6.029198536225808,11.187157349294045,0.1685153253052647,True,walking_dual_task,P08,26,0.284
2026-04-03T01:32:07.531214,1358.6063740538868,83595,66,-9.163141206652316,-1.198346106039067,6.083571012441266,11.06386128014647,0.12329606914757463,True,walking_dual_task,P08,26,0.284
2026-04-03T01:32:07.560693,1324.2635757964624,83595,65,-9.897035691660935,-1.27746347156283,6.364453676062067,11.835940984895446,0.7720797047489754,True,walking_dual_task,P08,26,0.284
2026-04-03T01:32:07.561238,1337.402414258481,83566,66,-9.726028130045064,-1.0577392411493465,6.174615361293074,11.56893730420437,0.26700368069107583,True,walking_dual_task,P08,26,0.284
2026-04-03T01:32:07.575280,1429.723519676468,83566,68,-9.769502805044763,-1.111781698721034,6.157493567372578,11.601464159131949,0.03252685492757834,True,walking_dual_task,P08,26,0.284
2026-04-03T01:32:07.620415,1391.7998667321804,83567,67,-9.79831312973097,-0.8653295572166957,6.105369796433595,11.577187732003603,0.024276427128345546,True,walking_dual_task,P08,26,0.284
2026-04-03T01:32:07.620947,1438.0694007786797,83567,67,-9.787897682417645,-1.2597695976640177,6.113172873882812,11.608653800792403,0.03146606878880043,True,walking_dual_task,P08,26,0.284
2026-04-03T01:32:07.665432,1288.4886805591466,83661,66,-10.055314084140168,-1.0874776444389838,6.282530405276385,11.906390605514522,0.2977368047221187,True,walking_dual_task,P08,26,0.284
2026-04-03T01:32:07.666140,1385.6856634984508,83661,68,-9.84786855995648,-1.2635536292819245,6.165757603702009,11.687328598779962,0.21906200673456055,True,walking_dual_task,P08,26,0.284
2026-04-03T01:32:07.680247,1380.2629553497136,83781,67,-9.865218411138015,-1.2904271382114985,6.108294432341168,11.674716158033963,0.012612440745998654,True,walking_dual_task,P08,26,0.284
2026-04-03T01:32:07.725545,1322.1716841818188,83781,66,-9.813920206838848,-1.075177429823049,6.077271546652745,11.593199117739495,0.08151704029446805,True,walking_dual_task,P08,26,0.284
2026-04-03T01:32:07.726134,1349.0746965346405,83718,66,-9.75689831018371,-1.0987455021515897,6.139785743759768,11.58021050296754,0.012988614771954232,True,walking_dual_task,P08,26,0.284
2026-04-03T01:32:07.770280,1381.737230511575,83718,66,-9.823960668682936,-1.1708111927591751,6.109994804028363,11.628114145216026,0.04790364224848531,True,walking_dual_task,P08,26,0.284
2026-04-03T01:32:07.770997,1411.1555212192973,83699,69,-9.59569948221581,-1.3057695906155544,6.450936972544342,11.636024690611164,0.007910545395137802,True,walking_dual_task,P08,26,0.284
2026-04-03T01:32:07.785267,1378.354432749985,83699,67,-9.867934884081103,-1.0819657854809126,6.226514795769903,11.71820273503397,0.08217804442280574,True,walking_dual_task,P08,26,0.284
2026-04-03T01:32:07.830354,1372.275368506754,83721,66,-7.266066907997005,-1.519373377417126,5.336141495656768,9.14213486189977,2.5760678731341997,True,walking_dual_task,P08,26,0.284
2026-04-03T01:32:07.831218,1342.1245410621673,83721,67,-7.324187973310717,-1.386176186844104,5.1903797643393625,9.083240390269683,0.05889447163008654,True,walking_dual_task,P08,26,0.284
2026-04-03T01:32:07.875324,1339.5506794332948,83794,66,-7.098820615921838,-1.1300294313714174,5.122443149513037,8.826644009633307,0.2565963806363758,True,walking_dual_task,P08,26,0.284
2026-04-03T01:32:07.875799,1440.8117456481448,83794,68,-7.080567646965306,-1.394176247507948,5.307607218241827,8.958172804512083,0.13152879487877556,True,walking_dual_task,P08,26,0.284
2026-04-03T01:32:07.876668,1442.9806649281525,83872,68,-7.421484072205547,-1.245030963549612,5.324704824287075,9.218514489872213,0.2603416853601299,True,walking_dual_task,P08,26,0.284
2026-04-03T01:32:07.935758,1454.3708358314414,83872,68,-7.362286393863452,-0.9846574326845283,5.291447221967333,9.119880750748532,0.0986337391236809,True,walking_dual_task,P08,26,0.284
2026-04-03T01:32:07.936049,1468.4550306252072,83914,67,-7.70860149224224,-0.9666479426899296,5.399126649204819,9.460841071778956,0.3409603210304244,True,walking_dual_task,P08,26,0.284
2026-04-03T01:32:07.936692,1347.4309819758878,83914,68,-7.944884591785952,-1.0750470554766107,5.514951010543626,9.730961000691705,0.2701199289127487,True,walking_dual_task,P08,26,0.284
2026-04-03T01:32:07.965317,1324.1306956323313,83923,65,-8.090525035732266,-1.1035333944984007,5.414999253838697,9.797785373524846,0.0668243728331408,True,walking_dual_task,P08,26,0.284
2026-04-03T01:32:07.980243,1314.0136980999566,83923,67,-8.801067528615095,-1.2329431952854353,5.409741301981931,10.40404918867711,0.6062638151522641,True,walking_dual_task,P08,26,0.284
2026-04-03T01:32:07.995081,1344.2646220139368,83934,66,-8.893792038831613,-1.1763838760200243,5.636093104002634,10.594761032261678,0.19071184358456783,True,walking_dual_task,P08,26,0.284
2026-04-03T01:32:08.040915,1392.1891029789742,83934,67,-8.7460747347218,-1.161226572864847,5.54183558700706,10.418935266728761,0.17582576553291673,True,walking_dual_task,P08,26,0.284
2026-04-03T01:32:08.041107,1402.5580149846437,83794,68,-10.054475480522973,-1.4695115215074808,5.864100556131976,11.731991162318025,1.3130558955892635,True,walking_dual_task,P08,26,0.284
2026-04-03T01:32:08.085690,1407.163940323755,83794,66,-10.86239676185874,-1.4588587149452563,5.804164213810893,12.401945588620118,0.6699544263020929,True,walking_dual_task,P08,26,0.284
2026-04-03T01:32:08.085950,1442.2573585969458,83559,68,-10.894257031920665,-1.560588424941212,5.820862795135001,12.450008682302201,0.04806309368208339,True,walking_dual_task,P08,26,0.284
2026-04-03T01:32:08.100736,1263.06030803547,83559,68,-10.907336070761579,-1.2652211806345404,5.701286108330596,12.372365500804861,0.07764318149733995,True,walking_dual_task,P08,26,0.284
2026-04-03T01:32:08.145499,1333.7319697370224,83518,66,-10.971799853871884,-1.2082638724952257,5.4961527264058425,12.330774039409636,0.04159146139522463,True,walking_dual_task,P08,26,0.284
2026-04-03T01:32:08.146063,1351.38743613436,83518,67,-10.125500168760208,-1.196829886978013,5.268697617477169,11.476817068784202,0.8539569706254344,True,walking_dual_task,P08,26,0.284
2026-04-03T01:32:08.175668,1379.084486078076,83582,65,-9.561623542324167,-0.5426480846110312,4.566503759711709,10.609998505952813,0.8668185628313889,True,walking_dual_task,P08,26,0.284
2026-04-03T01:32:08.190632,1317.5373126535515,83582,67,-9.830903346281708,-0.5627013138692314,4.541334100051224,10.843754367415887,0.2337558614630737,True,walking_dual_task,P08,26,0.284
2026-04-03T01:32:08.235865,1401.2382846149385,83660,64,-9.652317996992611,-0.13388709934176077,4.341152622612172,10.584459105842402,0.2592952615734845,True,walking_dual_task,P08,26,0.284
2026-04-03T01:32:08.236131,1238.2414798251198,83660,68,-9.535774526577736,-0.5230397629892107,4.272549143996855,10.462277123230148,0.1221819826122541,True,walking_dual_task,P08,26,0.284
2026-04-03T01:32:08.280660,1307.6263562688248,83691,67,-9.16613884629191,-0.33081168456266513,3.7797076533124443,9.920369331060888,0.5419077921692601,True,walking_dual_task,P08,26,0.284
2026-04-03T01:32:08.281041,1399.8727864395278,83691,66,-9.27194492252807,-0.027488609074786424,3.8171845285866293,10.026994364978172,0.10662503391728428,True,walking_dual_task,P08,26,0.284
2026-04-03T01:32:08.281611,1257.6613863045125,83749,66,-8.081989557580833,-0.06849172183096275,3.292479411362449,8.727179784962072,1.2998145800161005,True,walking_dual_task,P08,26,0.284
2026-04-03T01:32:08.340677,1305.1606844226744,83749,67,-7.399117310862762,0.2431287227174553,2.7420632904416946,7.894615864277827,0.8325639206842448,True,walking_dual_task,P08,26,0.284
2026-04-03T01:32:08.341017,1369.1697190099828,83819,67,-7.335559130279119,0.23028919414420873,3.0108140432697295,7.932746187160607,0.038130322882779843,True,walking_dual_task,P08,26,0.284
2026-04-03T01:32:08.341909,1264.40629269653,83819,68,-7.195707448332352,0.26966216617130645,2.8051916107902484,7.7278731446043984,0.20487304255620842,True,walking_dual_task,P08,26,0.284
2026-04-03T01:32:08.385569,1228.3733255363397,83838,67,-6.9307961844917365,0.3158948324112693,2.665925765496755,7.4325557840657215,0.29531736053867697,True,walking_dual_task,P08,26,0.284
2026-04-03T01:32:08.385829,1390.500439680296,83838,67,-6.975107446458417,-0.01338361148425303,3.1459845246976728,7.651765916462243,0.21921013239652165,True,walking_dual_task,P08,26,0.284
2026-04-03T01:32:08.400164,1348.4155962019815,83837,67,-6.9366061059488135,0.13572973078209943,2.9629530860141102,7.544137977186333,0.1076279392759103,True,walking_dual_task,P08,26,0.284
2026-04-03T01:32:08.445434,1286.5118552481872,83837,69,-7.3599268842408625,-0.45033601519392835,3.6485590141055098,8.226986638336221,0.6828486611498885,True,walking_dual_task,P08,26,0.284
2026-04-03T01:32:08.446016,1317.0569295317648,83843,66,-7.2805712184384435,-0.5790595887623703,3.6000623820875526,8.142633261360468,0.08435337697575385,True,walking_dual_task,P08,26,0.284
2026-04-03T01:32:08.490636,1397.6787865864378,83843,68,-7.348305994104768,-0.4947035243801735,3.68027653007538,8.233272004364602,0.09063874300413488,True,walking_dual_task,P08,26,0.284
2026-04-03T01:32:08.505642,1410.4830526903027,83877,67,-7.452729928972154,-0.2949402563142056,3.56090397276078,8.26499910781698,0.03172710345237739,True,walking_dual_task,P08,26,0.284
2026-04-03T01:32:08.520408,1377.9686662121521,83877,66,-7.547596854474258,-0.35713730658513637,3.613377470165653,8.375575328019284,0.1105762202023044,True,walking_dual_task,P08,26,0.284
2026-04-03T01:32:08.535472,1416.9559913969738,83923,67,-7.822974357036943,-0.20286566839904463,3.1494359985967875,8.435581152447643,0.06000582442835878,True,walking_dual_task,P08,26,0.284
2026-04-03T01:32:08.550390,1228.2090539063695,83923,67,-8.432917651994703,0.16015405560450222,3.0776088809245685,8.978386596198462,0.5428054437508187,True,walking_dual_task,P08,26,0.284
2026-04-03T01:32:08.565436,1440.4899706748815,83938,66,-8.264394704322166,0.22968565628942,3.376001164451747,8.930305660609434,0.04808093558902726,True,walking_dual_task,P08,26,0.284
2026-04-03T01:32:08.580687,1362.2859620019187,83938,67,-8.38700131252135,0.22296017484237451,3.064432243032887,8.932090865409966,0.0017852048005320142,True,walking_dual_task,P08,26,0.284
2026-04-03T01:32:08.595442,1349.367179265177,83968,67,-8.378472319988987,0.1920091388417398,3.311816819103594,9.011314919006983,0.07922405359701656,True,walking_dual_task,P08,26,0.284
2026-04-03T01:32:08.655448,1288.4251262409834,83968,66,-8.2991861789015,0.3048518349008833,3.213116633789188,8.904692267318667,0.10662265168831553,True,walking_dual_task,P08,26,0.284
2026-04-03T01:32:08.656068,1426.7605149546189,84081,66,-8.38352891405528,0.15406729626455967,3.330958956031692,9.02233790939726,0.11764564207859252,True,walking_dual_task,P08,26,0.284
2026-04-03T01:32:08.657201,1280.8623882591003,84081,67,-8.295889864599165,0.13063658098202754,3.365008414079066,8.95333101078435,0.0690068986129102,True,walking_dual_task,P08,26,0.284
2026-04-03T01:32:08.685468,1437.7495343948317,84157,68,-8.246585103360765,0.1968499727158678,3.1867790806153273,8.843103340308614,0.11022767047573545,True,walking_dual_task,P08,26,0.284
2026-04-03T01:32:08.700357,1399.6174137010269,84157,66,-8.153235951306042,0.04875945978514219,3.1361775956629714,8.735745181387005,0.10735815892160971,True,walking_dual_task,P08,26,0.284
2026-04-03T01:32:08.730323,1466.443073093554,84054,67,-8.306329525518048,0.30770006946186257,3.2521900473852305,8.925610882373894,0.18986570098688915,True,walking_dual_task,P08,26,0.284
2026-04-03T01:32:08.745422,1322.1580857188249,84054,67,-8.40383963652992,0.13833406594260253,3.2557745912038207,9.013530115278916,0.08791923290502268,True,walking_dual_task,P08,26,0.284
2026-04-03T01:32:08.760633,1270.3224083424952,84013,66,-8.341724346434642,0.20252468200634036,3.179426205263243,8.929397085662439,0.08413302961647773,True,walking_dual_task,P08,26,0.284
2026-04-03T01:32:08.775531,1371.108848993286,84013,67,-8.250202837687238,0.15145571192147134,3.1305689835901713,8.825488533598183,0.1039085520642562,True,walking_dual_task,P08,26,0.284
2026-04-03T01:32:08.835729,1362.5081093363674,83930,66,-10.494480313200487,0.3074923940346258,3.413666209569919,11.040008406106455,2.214519872508273,True,walking_dual_task,P08,26,0.284
2026-04-03T01:32:08.836057,1401.4138964565686,83930,68,-10.43223121570191,0.4654148093434256,3.584247281067399,11.040601779543566,0.0005933734371108557,True,walking_dual_task,P08,26,0.284
2026-04-03T01:32:08.836509,1388.599736361658,83904,66,-10.365048882936117,-0.10405640248883538,3.41886068587946,10.914837354262607,0.1257644252809591,True,walking_dual_task,P08,26,0.284
2026-04-03T01:32:08.895828,1332.3701042389473,83904,67,-10.519191385178692,-0.08814740089881326,3.4214334521594894,11.061978314472453,0.14714096020984613,True,walking_dual_task,P08,26,0.284
2026-04-03T01:32:08.896046,1479.233196138255,83881,68,-10.578104800604208,0.004826949804580566,3.2629777426778683,11.069929910402386,0.00795159592993322,True,walking_dual_task,P08,26,0.284
2026-04-03T01:32:08.896465,1402.3241263428893,83881,67,-9.912554088841814,-0.37006234391430615,3.438524217098032,10.498529587240661,0.5714003231617255,True,walking_dual_task,P08,26,0.284
2026-04-03T01:32:08.955654,1410.9776207895763,83881,68,-9.950299160949417,-0.3336873764644988,3.3694499166257725,10.51061336926879,0.012083782028129875,True,walking_dual_task,P08,26,0.284
2026-04-03T01:32:08.956373,1389.2763544215907,83881,67,-9.713655092935067,-0.306789994340805,3.284209720638829,10.258423312296562,0.2521900569722284,True,walking_dual_task,P08,26,0.284
2026-04-03T01:32:08.956704,1377.6761859090004,83926,68,-9.778266195194533,-0.5772264875084964,3.0050910872103995,10.245889548711569,0.012533763584993807,True,walking_dual_task,P08,26,0.284
2026-04-03T01:32:09.015395,1262.1490164347422,83926,68,-9.803787269538033,-0.9904422304155829,2.999239216704608,10.300031869716008,0.05414232100443961,True,walking_dual_task,P08,26,0.284
2026-04-03T01:32:09.015976,1349.8876928811164,83946,67,-9.408022508031362,-0.40147386598130064,2.9536673873992396,9.868952315827478,0.43107955388853014,True,walking_dual_task,P08,26,0.284
2026-04-03T01:32:09.016589,1316.0053501847024,83946,67,-9.610016750759092,-0.33580008376434284,2.8544322839748997,10.030601542775221,0.16164922694774297,True,walking_dual_task,P08,26,0.284
2026-04-03T01:32:09.075678,1343.3589481695185,83906,68,-9.471310703710705,0.07148189561242589,2.485743052272453,9.792331419511191,0.23827012326403008,True,walking_dual_task,P08,26,0.284
2026-04-03T01:32:09.075952,1378.8961607423385,83906,67,-8.680691065863636,0.41851647173159745,2.408229343008755,9.018266018842192,0.7740654006689986,True,walking_dual_task,P08,26,0.284
2026-04-03T01:32:09.076706,1402.0402642115803,83880,66,-8.485209319935935,0.32062200503895566,2.6540933570477705,8.896391809108227,0.12187420973396534,True,walking_dual_task,P08,26,0.284
2026-04-03T01:32:09.135317,1387.5861999770184,83880,68,-7.759007731696335,0.3154907597939167,3.0396480645044637,8.339136391502695,0.557255417605532,True,walking_dual_task,P08,26,0.284
2026-04-03T01:32:09.135823,1333.1570049297852,83897,67,-7.853626443342454,0.056963995700817324,3.179970115135787,8.473187307119485,0.13405091561678972,True,walking_dual_task,P08,26,0.284
2026-04-03T01:32:09.136406,1379.363041309495,83897,67,-8.068039031748691,0.2148803041069423,3.843039282461302,8.939148633368513,0.46596132624902786,True,walking_dual_task,P08,26,0.284
2026-04-03T01:32:09.195648,1348.715610106139,83931,65,-7.876416844806604,0.2880009160397564,3.623576844836325,8.674744721963116,0.2644039114053971,True,walking_dual_task,P08,26,0.284
2026-04-03T01:32:09.196099,1415.5768498958562,83931,68,-9.326276249180289,0.49862319128620014,4.458001865030418,10.349001613273016,1.6742568913099003,True,walking_dual_task,P08,26,0.284
2026-04-03T01:32:09.255661,1249.8797383415204,83931,66,-10.832213895207245,-0.05189912831989885,5.073140138772788,11.961450675343222,1.6124490620702066,True,walking_dual_task,P08,26,0.284
2026-04-03T01:32:09.256330,1272.0100870518604,83931,67,-10.889692548931482,-0.13890190625580223,4.933880376115908,11.956081009914453,0.005369665428769821,True,walking_dual_task,P08,26,0.284
2026-04-03T01:32:09.256775,1317.2779383094546,83876,67,-11.640431471618285,-0.8380103307940775,4.9873396486614565,12.69155084814577,0.7354698382313174,True,walking_dual_task,P08,26,0.284
2026-04-03T01:32:09.315711,1307.3705695275992,83876,66,-11.736422480815188,-0.9205037503819176,5.114045892085676,12.835279708249823,0.14372886010405317,True,walking_dual_task,P08,26,0.284
2026-04-03T01:32:09.315981,1467.095854391806,83801,66,-12.541009579755679,-1.4974281054751026,4.782528740412371,13.505250584993261,0.669970876743438,True,walking_dual_task,P08,26,0.284
2026-04-03T01:32:09.316751,1342.2175862232505,83801,68,-12.167856827287304,-1.2524945515755281,4.10042948612201,12.901124150311375,0.604126434681886,True,walking_dual_task,P08,26,0.284
2026-04-03T01:32:09.375831,1374.0058227726422,83728,66,-12.012906519068888,-1.2720246013837155,4.118140185643337,12.762721034756803,0.1384031155545724,True,walking_dual_task,P08,26,0.284
2026-04-03T01:32:09.375924,1340.642632246432,83728,68,-10.480423647756256,-0.2913751421971559,3.3714314087333395,11.013207028551339,1.7495140062054642,True,walking_dual_task,P08,26,0.284
2026-04-03T01:32:09.376499,1330.1298841913203,83682,67,-10.580066678784508,-0.5009411149477142,3.4175629639354304,11.129622165223509,0.1164151366721704,True,walking_dual_task,P08,26,0.284
2026-04-03T01:32:09.495389,1400.9444251651464,83682,67,-9.774923975774746,-0.06887438617149705,2.7727595004749133,10.160810876141744,0.9688112890817653,True,walking_dual_task,P08,26,0.284
2026-04-03T01:32:09.495751,1348.2017846281005,83630,67,-9.134441009802734,-0.30103762497157865,2.480830372842928,9.470119088587772,0.6906917875539715,True,walking_dual_task,P08,26,0.284
2026-04-03T01:32:09.496505,1334.1684768791931,83630,67,-9.2711547778204,-0.2799965454550376,2.534182940569614,9.615341499709869,0.14522241112209677,True,walking_dual_task,P08,26,0.284
2026-04-03T01:32:09.497198,1457.7164026342143,83530,68,-8.92339249329635,-0.5071875382704718,2.372949382791847,9.247435404569567,0.36790609514030237,True,walking_dual_task,P08,26,0.284
2026-04-03T01:32:09.497801,1294.1298324761246,83530,67,-8.836546759274883,-0.33212142824541235,2.274728879896841,9.13067657673778,0.11675882783178615,True,walking_dual_task,P08,26,0.284
2026-04-03T01:32:09.498683,1302.9822163466772,83558,66,-9.126645399199141,-0.8194759770242581,2.259402225165769,9.437801414245097,0.3071248375073168,True,walking_dual_task,P08,26,0.284
2026-04-03T01:32:09.555582,1335.3955850187324,83558,67,-9.198648428705793,-0.7159604097055363,2.2718346405710563,9.50205056065773,0.06424914641263335,True,walking_dual_task,P08,26,0.284
2026-04-03T01:32:09.556090,1294.5674440586931,83599,67,-8.396969203618795,-0.8339601244080631,2.3629033454998516,8.762870164266932,0.7391803963907986,True,walking_dual_task,P08,26,0.284
2026-04-03T01:32:09.556616,1330.9271548437312,83599,68,-7.540415408043341,-0.7493063778599546,2.7539621749344856,8.062483006786985,0.7003871574799465,True,walking_dual_task,P08,26,0.284
2026-04-03T01:32:09.557225,1373.6676675913698,83627,66,-7.481990862638813,-0.6820092826127837,2.6933236649150247,7.981185143459084,0.08129786332790179,True,walking_dual_task,P08,26,0.284
2026-04-03T01:32:09.615497,1338.5259393350111,83627,67,-7.580970274362385,-0.6555805835605253,2.8022431944757487,8.108850912632029,0.12766576917294525,True,walking_dual_task,P08,26,0.284
2026-04-03T01:32:09.615996,1439.0903852039596,83653,67,-7.695890608313726,-0.7573205686696336,2.6896879023428975,8.187471386873437,0.07862047424140783,True,walking_dual_task,P08,26,0.284
2026-04-03T01:32:09.616775,1357.7370156028726,83653,66,-7.485246209399931,-0.6728523219147002,2.704265583143439,7.987158030652465,0.20031335622097135,True,walking_dual_task,P08,26,0.284
2026-04-03T01:32:09.675527,1391.9153326774644,83680,67,-7.559919323151014,-0.7938221785671276,2.6420872950803864,8.047556094775752,0.06039806412328641,True,walking_dual_task,P08,26,0.284
2026-04-03T01:32:09.675772,1405.556715353453,83680,67,-7.631719569395546,-0.7004299931992125,2.5838285369762897,8.087639684714015,0.040083589938262776,True,walking_dual_task,P08,26,0.284
2026-04-03T01:32:09.676749,1406.826246846973,83681,67,-7.609780383135588,-0.6331483912792938,2.7856525939061507,8.12831438484455,0.04067470013053587,True,walking_dual_task,P08,26,0.284
2026-04-03T01:32:09.735476,1367.8443110986054,83681,68,-7.521597427489339,-0.5610332732741423,2.6706269501446447,8.001339544212195,0.12697484063235542,True,walking_dual_task,P08,26,0.284
2026-04-03T01:32:09.736068,1414.7536055711169,83682,66,-7.740095785850591,-0.7742878465946745,2.6934238391585366,8.23183675863861,0.23049721442641413,True,walking_dual_task,P08,26,0.284
2026-04-03T01:32:09.736576,1370.0894992205597,83682,66,-7.4163896119394455,-0.6980728965293695,2.675122160046095,7.914949097506686,0.3168876611319229,True,walking_dual_task,P08,26,0.284
2026-04-03T01:32:09.795391,1287.9187123576646,83658,69,-7.665768986062878,-0.7071319306968279,2.66718224553532,8.147264009837496,0.2323149123308097,True,walking_dual_task,P08,26,0.284
2026-04-03T01:32:09.795865,1364.720298214207,83658,67,-7.6413512035619044,-0.6194661249489606,2.81866489455576,8.168161254770702,0.020897244933205883,True,walking_dual_task,P08,26,0.284
2026-04-03T01:32:09.796534,1400.0431731552683,83619,67,-9.494055574255311,-2.275415358322453,4.905266955996362,10.925943904740125,2.757782649969423,True,walking_dual_task,P08,26,0.284
2026-04-03T01:32:09.855325,1459.1850366819529,83619,66,-10.956014924833378,-3.21526188208538,5.016584997182239,12.471499390110111,1.5455554853699862,True,walking_dual_task,P08,26,0.284
2026-04-03T01:32:09.856196,1447.9624038695597,83590,66,-12.19008333785517,-2.4158586311656074,4.797894718077288,13.321197334901452,0.8496979447913411,True,walking_dual_task,P08,26,0.284
2026-04-03T01:32:09.856734,1420.5681332481358,83590,67,-12.097796346598244,-2.432867670032925,4.6759322046281655,13.196206406613078,0.12499092828837455,True,walking_dual_task,P08,26,0.284
2026-04-03T01:32:09.915451,1467.9773524471614,83495,67,-10.21818411605981,-0.25766015961556954,5.131811991447073,11.437358510736212,1.7588478958768654,True,walking_dual_task,P08,26,0.284
2026-04-03T01:32:09.916095,1390.5002037357724,83495,66,-10.197282433583194,-0.27553073590672733,4.904247601543475,11.31866294020361,0.11869557053260138,True,walking_dual_task,P08,26,0.284
2026-04-03T01:32:09.916619,1444.935949885844,83465,68,-10.368708276504561,-0.13211202286984225,4.874507868898089,11.458114673618446,0.13945173341483574,True,walking_dual_task,P08,26,0.284
2026-04-03T01:32:09.975493,1393.0193250174405,83465,66,-8.87662953563177,0.3583926120178106,5.837166439172564,10.629934581915439,0.8281800917030075,True,walking_dual_task,P08,26,0.284
2026-04-03T01:32:09.976077,1392.368062232093,83499,67,-8.98535428384259,0.25344740876670746,6.092303635152813,10.858959009871763,0.2290244279563236,True,walking_dual_task,P08,26,0.284
2026-04-03T01:32:09.976692,1357.205423027743,83499,68,-8.953155873949264,0.3242415404241757,6.0981963232864045,10.837533440645647,0.021425569226115826,True,walking_dual_task,P08,26,0.284
2026-04-03T01:32:10.035959,1407.4706592920033,83546,66,-8.795967632535863,0.09152836410769613,6.580758324839196,10.985618060172817,0.1480846195271699,True,walking_dual_task,P08,26,0.284
2026-04-03T01:32:10.043961,1395.849656892616,83546,68,-8.98725353630578,-0.05886026353120863,6.69148553499438,11.204917193870855,0.21929913369803877,True,walking_dual_task,P08,26,0.284
2026-04-03T01:32:10.043987,1433.244984543767,83546,67,-9.447075358574342,-0.4718509136259047,6.989740407870197,11.761222176486827,0.5563049826159716,True,walking_dual_task,P08,26,0.284
2026-04-03T01:32:10.095688,1429.114483656396,83546,68,-9.307826870819959,-0.9426478146413638,6.623521914816797,11.462777521860248,0.29844465462657865,True,walking_dual_task,P08,26,0.284
2026-04-03T01:32:10.096098,1364.675342015233,83506,65,-9.39673308075208,-1.1038790542755728,6.675611383230253,11.579331971114835,0.11655444925458625,True,walking_dual_task,P08,26,0.284
2026-04-03T01:32:10.096839,1405.8624230794396,83506,67,-8.665281676775223,-0.5806455920345652,5.958046710344343,10.531978752544587,1.0473532185702474,True,walking_dual_task,P08,26,0.284
2026-04-03T01:32:10.215496,1456.545216234628,83371,67,-8.687492687192035,-0.8223173836601904,5.8109438830294575,10.484073820858107,0.04790493168647991,True,walking_dual_task,P08,26,0.284
2026-04-03T01:32:10.215734,1344.9540889138766,83371,67,-8.03813146309606,0.1705485321263983,5.149495457110536,9.547667133003083,0.9364066878550243,True,walking_dual_task,P08,26,0.284
2026-04-03T01:32:10.216478,1421.0542615728407,83394,65,-7.948730290150781,0.2295609117295332,5.082027528585955,9.437267360791475,0.11039977221160768,True,walking_dual_task,P08,26,0.284
2026-04-03T01:32:10.217152,1487.790497621117,83394,67,-7.6525807715132235,0.5438856600419196,4.491451882068675,8.889934987651564,0.5473323731399109,True,walking_dual_task,P08,26,0.284
2026-04-03T01:32:10.217903,1394.3142783237308,83552,66,-7.410766360531246,0.12988795349904592,4.215410853846697,8.526782370717235,0.3631526169343289,True,walking_dual_task,P08,26,0.284
2026-04-03T01:32:10.218606,1381.0972777510335,83552,68,-7.600638352321476,0.05368995884004568,4.359903929526588,8.76249669039377,0.2357143196765339,True,walking_dual_task,P08,26,0.284
2026-04-03T01:32:10.275659,1377.0345490678167,83683,67,-7.679676431837404,-0.3283425413087383,4.315214981716777,8.815118788796035,0.052622098402265394,True,walking_dual_task,P08,26,0.284
2026-04-03T01:32:10.275932,1358.0868964894175,83683,67,-7.671402093888429,-0.4004204998078231,4.557074607403352,8.931834953704783,0.11671616490874825,True,walking_dual_task,P08,26,0.284
2026-04-03T01:32:10.335780,1411.6117734789252,83713,68,-7.877230004264318,-0.42566018324203414,4.695733824268927,9.18051497902285,0.24868002531806788,True,walking_dual_task,P08,26,0.284
2026-04-03T01:32:10.335963,1439.2333309564815,83713,67,-8.341112627614766,-0.5744055266192425,4.954284709132964,9.718489520224527,0.5379745412016756,True,walking_dual_task,P08,26,0.284
2026-04-03T01:32:10.336422,1318.988152801864,83710,66,-8.506104457413054,-0.45216875039203863,4.940276328709816,9.847060466111897,0.12857094588737006,True,walking_dual_task,P08,26,0.284
2026-04-03T01:32:10.395506,1251.8363314751807,83710,65,-9.379088321947084,-0.6584696911432912,5.445260407558835,10.865161802346355,1.0181013362344586,True,walking_dual_task,P08,26,0.284
2026-04-03T01:32:10.395861,1447.4505926230195,83664,68,-9.411066031352632,-0.6049942671486881,5.169925251699463,10.754641277974915,0.11052052437143978,True,walking_dual_task,P08,26,0.284
2026-04-03T01:32:10.396672,1350.02991153074,83664,65,-10.18380852656723,-1.0281409246397613,5.263488021100834,11.509619281929984,0.7549780039550686,True,walking_dual_task,P08,26,0.284
2026-04-03T01:32:10.397411,1356.036467914789,83511,66,-10.098165108597298,-1.0976531142174906,5.274051602557926,11.445234869852477,0.06438441207750678,True,walking_dual_task,P08,26,0.284
2026-04-03T01:32:10.455620,1340.6552708537952,83511,67,-10.67495329817746,-1.3185929518113202,5.124864149909491,11.914593901844235,0.46935903199175755,True,walking_dual_task,P08,26,0.284
2026-04-03T01:32:10.515753,1355.4735448065674,83405,67,-11.124393472037083,-1.2756738187436436,5.46468313017206,12.45962421286117,0.5450303110169354,True,walking_dual_task,P08,26,0.284
2026-04-03T01:32:10.516177,1302.8282495046924,83405,68,-11.075964738072527,-1.2278833878165878,5.53218194964264,12.441452070279167,0.018172142582002948,True,walking_dual_task,P08,26,0.284
2026-04-03T01:32:10.516783,1312.5901093215277,83370,67,-11.115588372400698,-1.031997612752942,5.712254354710276,12.539983004385766,0.09853093410659852,True,walking_dual_task,P08,26,0.284
2026-04-03T01:32:10.517448,1367.1367131225823,83370,66,-11.013942555190875,-1.1569548303083386,4.92441534127594,12.120038842421756,0.4199441619640094,True,walking_dual_task,P08,26,0.284
2026-04-03T01:32:10.517887,1361.948474408243,83372,65,-11.134264758270927,-1.2260965156364814,4.951018247877757,12.246948438845834,0.12690959642407762,True,walking_dual_task,P08,26,0.284
2026-04-03T01:32:10.575796,1276.1631007752521,83372,67,-10.332155577502496,-0.7500100290274119,4.073286121017869,11.131379687398793,1.1155687514470412,True,walking_dual_task,P08,26,0.284
2026-04-03T01:32:10.576080,1343.2367237696485,83410,67,-10.340860391233695,-0.8666266220691443,4.157586431321146,11.178996389075836,0.04761670167704324,True,walking_dual_task,P08,26,0.284
2026-04-03T01:32:10.576732,1394.3211416040185,83410,67,-10.512354474827005,-0.7907661684590253,4.133179642228902,11.323342337513697,0.14434594843786108,True,walking_dual_task,P08,26,0.284
2026-04-03T01:32:10.635714,1350.763567785083,83431,68,-10.391641390468225,-0.7073625063434421,3.890241129844073,11.118477798323084,0.20486453919061276,True,walking_dual_task,P08,26,0.284
2026-04-03T01:32:10.636086,1289.974434935239,83431,67,-10.240647082245749,-0.7907133706728154,4.124292148447102,11.068236807342512,0.050240990980572775,True,walking_dual_task,P08,26,0.284
2026-04-03T01:32:10.636475,1314.633660620557,83429,67,-10.280863754159599,-0.6536685169309042,4.056650370689542,11.071578672060946,0.0033418647184344508,True,walking_dual_task,P08,26,0.284
2026-04-03T01:32:10.695494,1405.9953592814657,83429,66,-10.294037606727063,-0.6661519154396133,4.291441614137134,11.172620093366767,0.10104142130582083,True,walking_dual_task,P08,26,0.284
2026-04-03T01:32:10.755901,1418.0732785110201,83449,67,-10.44502421055624,-0.7702130090051545,4.020253228580591,11.218475603229676,0.04585550986290876,True,walking_dual_task,P08,26,0.284
2026-04-03T01:32:10.756703,1439.9318054674902,83449,67,-10.43064880959423,-0.8063001272294594,4.353978240158741,11.331623052327304,0.11314744909762808,True,walking_dual_task,P08,26,0.284
2026-04-03T01:32:10.757183,1324.4708543004822,83518,68,-10.40429813688574,-1.0215547332787962,4.04393785098521,11.20921170898825,0.12241134333905457,True,walking_dual_task,P08,26,0.284
2026-04-03T01:32:10.757570,1363.8104658811271,83518,67,-10.44391444007401,-0.843234620311945,3.9796232926885473,11.208202130948045,0.0010095780402039622,True,walking_dual_task,P08,26,0.284
2026-04-03T01:32:10.758155,1347.435426149018,83502,66,-10.377982617908366,-0.745270989245028,4.077372899720933,11.175102765898716,0.03309936504932942,True,walking_dual_task,P08,26,0.284
2026-04-03T01:32:10.815515,1447.1656272454256,83502,67,-10.314946454509597,-0.9943548146514456,4.07315868381077,11.134517659976282,0.040585105922433584,True,walking_dual_task,P08,26,0.284
2026-04-03T01:32:10.815940,1387.6229882358575,83559,65,-6.295607599333727,0.2912947181787954,2.575373928478619,6.808236080594946,4.3262815793813365,True,walking_dual_task,P08,26,0.284
2026-04-03T01:32:10.816649,1395.2749295612748,83559,66,-6.25499366403325,0.3280963590380174,2.2994760044709346,6.67234462936738,0.13589145122756552,True,walking_dual_task,P08,26,0.284
2026-04-03T01:32:10.875200,1456.7853349063967,83719,65,-6.553429716004936,0.35409861930905917,2.436973210813056,7.000833186488134,0.3284885571207541,True,walking_dual_task,P08,26,0.284
2026-04-03T01:32:10.875832,1395.7292459497226,83719,67,-6.522189411755536,0.3842233203743135,2.522759834822769,7.003634732546415,0.0028015460582810903,True,walking_dual_task,P08,26,0.284
2026-04-03T01:32:10.876611,1377.4208174263629,83844,68,-6.436732500923608,0.4807824827006329,2.418305063169676,6.892813392416057,0.11082134013035816,True,walking_dual_task,P08,26,0.284
2026-04-03T01:32:10.935482,1441.484754763807,83844,66,-7.396824572777619,0.28225076530867305,2.9449364136865785,7.966513022371915,1.0736996299558577,True,walking_dual_task,P08,26,0.284
2026-04-03T01:32:10.936009,1289.1394261715695,83825,66,-7.196039605350851,0.3929415062655913,2.94391228772426,7.78485764718522,0.18165537518669517,True,walking_dual_task,P08,26,0.284
2026-04-03T01:32:10.936710,1380.7104061387126,83825,67,-8.044958084126302,-0.5373624317214883,3.8617618788899533,8.939983991463432,1.1551263442782123,True,walking_dual_task,P08,26,0.284
2026-04-03T01:32:10.997141,1438.7598552546601,83705,69,-8.592129391337036,-1.867352297316547,5.042014288228704,10.13575848974676,1.1957744982833276,True,walking_dual_task,P08,26,0.284
2026-04-03T01:32:10.997444,1268.2784876801284,83705,67,-8.520735569149483,-1.8056423195737346,5.027667749129491,10.05687435644105,0.07888413330570998,True,walking_dual_task,P08,26,0.284
2026-04-03T01:32:10.997679,1420.8701106305027,83527,67,-9.50557064237693,-2.8649564670103858,5.224581521343885,11.218738826991686,1.1618644705506362,True,walking_dual_task,P08,26,0.284
2026-04-03T01:32:11.055814,1327.1078790924275,83527,67,-9.582478390390005,-2.7922935140241107,5.162277273515717,11.236988111563054,0.018249284571368207,True,walking_dual_task,P08,26,0.284
2026-04-03T01:32:11.115812,1413.0780135562031,83364,67,-10.367432368746496,-2.704035346981147,4.785826287368364,11.734547044139457,0.4975589325764034,True,walking_dual_task,P08,26,0.284
2026-04-03T01:32:11.116092,1309.7372890405177,83364,68,-11.399343114160496,-0.9726286912005496,5.6814924444987,12.773816438410277,1.0392693942708195,True,walking_dual_task,P08,26,0.284
2026-04-03T01:32:11.116728,1491.213385928571,83212,68,-11.312440629542309,-1.0043529650555232,5.624943009099339,12.67359545397244,0.10022098443783634,True,walking_dual_task,P08,26,0.284
2026-04-03T01:32:11.117310,1508.6399806472666,83212,67,-11.551438637367786,0.27127614976346626,6.926375507010397,13.471599868108367,0.7980044141359262,True,walking_dual_task,P08,26,0.284
2026-04-03T01:32:11.235471,1266.17629270549,83112,67,-11.514374968987552,0.11620273146306143,6.729721075267116,13.337296568350759,0.13430329975760813,True,walking_dual_task,P08,26,0.284
2026-04-03T01:32:11.235812,1316.263355252434,83112,66,-10.180381201131336,0.08903869266128189,7.058652426388422,12.388408427465503,0.9488881408852556,True,walking_dual_task,P08,26,0.284
2026-04-03T01:32:11.236533,1406.321031125542,83152,68,-10.295238957845987,-0.03763209614904094,6.960193000582934,12.427294475434866,0.038886047969363347,True,walking_dual_task,P08,26,0.284
2026-04-03T01:32:11.237192,1364.970098127832,83152,68,-9.267162846946512,-0.5960805177512558,6.6412913950283095,11.416758323146963,1.0105361522879033,True,walking_dual_task,P08,26,0.284
2026-04-03T01:32:11.237880,1394.1678611564394,83177,66,-9.151878774385503,-1.5687189441417404,6.674613340179856,11.43539362976474,0.018635306617776237,True,walking_dual_task,P08,26,0.284
2026-04-03T01:32:11.238694,1284.0531715768034,83177,66,-9.095738368457365,-1.4709134233596988,6.727328000455586,11.40846110534462,0.026932524420120174,True,walking_dual_task,P08,26,0.284
2026-04-03T01:32:11.295431,1418.678830893095,83212,65,-9.047915955811947,-1.9786542249290393,6.271796241017224,11.185494346433854,0.2229667589107649,True,walking_dual_task,P08,26,0.284
2026-04-03T01:32:11.295962,1386.6829229958455,83212,68,-8.93492067071566,-2.031155445585244,6.073047753501149,10.99273891495736,0.19275543147649365,True,walking_dual_task,P08,26,0.284
2026-04-03T01:32:11.296460,1413.3726000737815,83241,68,-9.571525570510165,-1.3513759584452905,5.425596130146006,11.085008439123948,0.0922695241665874,True,walking_dual_task,P08,26,0.284
2026-04-03T01:32:11.297409,1404.080768570633,83241,68,-9.551121065315778,-0.22477370443869946,4.9300433477594785,10.750802957608022,0.33420548151592655,True,walking_dual_task,P08,26,0.284
2026-04-03T01:32:11.355683,1328.042242787973,83225,66,-9.6030294372486,-0.19296386225734696,4.880930821562714,10.773991605235327,0.02318864762730577,True,walking_dual_task,P08,26,0.284
2026-04-03T01:32:11.355891,1369.731774471855,83225,66,-8.949374403028393,0.33316472985593704,4.6517573772031335,10.091637510293538,0.6823540949417897,True,walking_dual_task,P08,26,0.284
2026-04-03T01:32:11.356490,1394.589481376228,83205,66,-8.837692690504396,0.34404080261708414,4.602802493627628,9.970404553527652,0.12123295676588519,True,walking_dual_task,P08,26,0.284
2026-04-03T01:32:11.415671,1401.8495091385184,83205,68,-7.973567944687783,0.7953697392433701,4.311181965806253,9.099268582306475,0.871135971221177,True,walking_dual_task,P08,26,0.284
2026-04-03T01:32:11.415884,1286.077964324819,83196,68,-6.6197372108772745,0.627754203754521,4.412237438761424,7.980152586098381,1.1191159962080945,True,walking_dual_task,P08,26,0.284
2026-04-03T01:32:11.416696,1515.8827107391846,83196,67,-6.842897959747182,0.5621714571409532,4.529902411274162,8.225649219994954,0.2454966338965736,True,walking_dual_task,P08,26,0.284
2026-04-03T01:32:11.475472,1421.8046949089671,83273,66,-6.633954520844167,0.12277170052559812,5.048910478290359,8.337620913238315,0.1119716932433601,True,walking_dual_task,P08,26,0.284
2026-04-03T01:32:11.476035,1414.3615908157203,83273,68,-6.8147981277715495,0.0004545362461933766,4.845426795020214,8.361796132098753,0.02417521886043872,True,walking_dual_task,P08,26,0.284
2026-04-03T01:32:11.476685,1306.9973713735478,83376,67,-7.293631777644121,-0.06773071839600273,5.395309788411777,9.072542073256344,0.7107459411575903,True,walking_dual_task,P08,26,0.284
2026-04-03T01:32:11.535792,1320.2150863191714,83376,66,-7.462738916461989,-0.177303113069426,5.4606952078563005,9.248951328787774,0.17640925553143028,True,walking_dual_task,P08,26,0.284
2026-04-03T01:32:11.536094,1397.8039564163205,83403,66,-8.877614414881824,-0.09431553593657734,6.3493124327174115,10.914884401032218,1.665933072244444,True,walking_dual_task,P08,26,0.284
2026-04-03T01:32:11.536773,1380.4785838157288,83403,67,-10.96791042253212,0.30328384423245724,7.188333457027683,13.117132995296064,2.202248594263846,True,walking_dual_task,P08,26,0.284
2026-04-03T01:32:11.595700,1419.3177062792463,83281,67,-10.99805305424967,0.18585493126411912,7.202714516495817,13.1480344327852,0.03090143748913654,True,walking_dual_task,P08,26,0.284
2026-04-03T01:32:11.596024,1321.299635712607,83281,68,-10.85272276538988,0.1076719345222131,7.149391837954517,12.996422135361184,0.15161229742401616,True,walking_dual_task,P08,26,0.284
2026-04-03T01:32:11.596656,1408.0510120671765,83070,66,-10.875470362246737,0.23903907544259323,7.165982891591351,13.02629287565252,0.02987074029133474,True,walking_dual_task,P08,26,0.284
2026-04-03T01:32:11.655593,1456.6968810661128,83070,68,-10.832733830753124,0.16507665776167596,7.1092757014127175,12.958285903219542,0.06800697243297726,True,walking_dual_task,P08,26,0.284
2026-04-03T01:32:11.656043,1371.8317954824588,82977,67,-10.851771262882167,0.20265707538882272,7.267086848464544,13.0618743178476,0.10358841462805835,True,walking_dual_task,P08,26,0.284
2026-04-03T01:32:11.656696,1428.1845415074838,82977,66,-10.917444773910256,0.17647151888733575,7.155816096803821,13.054786348295227,0.007087969552372897,True,walking_dual_task,P08,26,0.284
2026-04-03T01:32:11.715743,1284.0626107449439,82966,65,-10.901679688254672,0.21293586079994764,7.165299308514702,13.047355129938037,0.007431218357190517,True,walking_dual_task,P08,26,0.284
2026-04-03T01:32:11.715967,1363.7832428811666,82966,66,-10.862341005929462,0.027448895789783545,7.1359093516881416,12.996630634379322,0.05072449555871472,True,walking_dual_task,P08,26,0.284
2026-04-03T01:32:11.716700,1289.7289481798641,82967,68,-10.764622669728222,0.27548123066471014,7.09118132791944,12.893325550668013,0.10330508371130875,True,walking_dual_task,P08,26,0.284
2026-04-03T01:32:11.775704,1411.1208413221445,82967,66,-11.023863653054574,0.22588682047180292,7.33166230412604,13.24121848013027,0.34789292946225636,True,walking_dual_task,P08,26,0.284
2026-04-03T01:32:11.775947,1312.3132333644062,83014,67,-10.844419189595735,0.003170527253950353,7.216432125499391,13.026063497229503,0.21515498290076707,True,walking_dual_task,P08,26,0.284
2026-04-03T01:32:11.777196,1367.0716996876206,83014,66,-11.001950151014583,0.34929383051828206,7.205477481187417,13.156132373815144,0.13006887658564104,True,walking_dual_task,P08,26,0.284
2026-04-03T01:32:11.835393,1380.8370610287718,83209,67,-8.645751267092773,-0.23676120504587356,2.352674278223199,8.963266541839761,4.192865831975382,True,walking_dual_task,P08,26,0.284
2026-04-03T01:32:11.835797,1400.479613640426,83209,66,-7.80854053760194,-0.08518772963704002,1.563852566899775,7.964056574865131,0.9992099669746306,True,walking_dual_task,P08,26,0.284
2026-04-03T01:32:11.836789,1409.1433176179708,83332,67,-6.954243512087811,0.0880668601970064,1.105591816800391,7.04212978172487,0.921926793140261,True,walking_dual_task,P08,26,0.284
2026-04-03T01:32:11.955986,1333.237212323286,83332,67,-7.0069171730588184,-0.039137928759409635,1.0938181684662438,7.09188678937002,0.0497570076451499,True,walking_dual_task,P08,26,0.284
2026-04-03T01:32:11.956308,1354.8775660729073,83407,64,-7.013490900543145,-0.02820238704223716,1.2673741559439997,7.127137380308531,0.03525059093851102,True,walking_dual_task,P08,26,0.284
2026-04-03T01:32:11.956643,1388.4125828237509,83407,67,-6.437700133697497,0.14347575878578467,1.3629370325075894,6.581957585654021,0.5451797946545094,True,walking_dual_task,P08,26,0.284
2026-04-03T01:32:11.957431,1312.2721242068897,83494,67,-6.818740143079468,0.277472060515838,1.0642867844051975,6.9068744192051055,0.32491683355108414,True,walking_dual_task,P08,26,0.284
2026-04-03T01:32:11.958568,1392.9344350859653,83494,66,-6.696026619257749,-0.07403826409682523,1.4882386889225188,6.859818404707566,0.0470560144975396,True,walking_dual_task,P08,26,0.284
2026-04-03T01:32:11.958966,1389.9711075266864,83587,66,-6.174496469183108,-0.22202258882879589,1.6487959166343094,6.394703171579966,0.46511523312759984,True,walking_dual_task,P08,26,0.284
2026-04-03T01:32:12.015706,1417.380588676176,83587,68,-6.246658494121517,-0.20705956641632958,1.6581125895733393,6.466293634372524,0.07159046279255765,True,walking_dual_task,P08,26,0.284
2026-04-03T01:32:12.016253,1236.2062477876816,83768,66,-6.366143065214855,-0.6459844001046235,1.8941617039793273,6.673299179025588,0.20700554465306453,True,walking_dual_task,P08,26,0.284
2026-04-03T01:32:12.016968,1365.2585868335386,83768,66,-6.543496811202624,-0.29774592654013066,1.9333372870864334,6.829626360250529,0.15632718122494094,True,walking_dual_task,P08,26,0.284
2026-04-03T01:32:12.075486,1352.6561038700256,83854,68,-7.230750680832393,-0.8184908712778025,2.6159629621401224,7.7328484359912375,0.9032220757407083,True,walking_dual_task,P08,26,0.284
2026-04-03T01:32:12.075750,1401.8875013552536,83854,66,-8.935984962551355,-1.8353178174547087,3.7825457456504195,9.875620034202854,2.142771598211616,True,walking_dual_task,P08,26,0.284
2026-04-03T01:32:12.076724,1423.8142797188302,83628,66,-9.029342114202244,-1.9052053902760875,3.757568031494867,9.963841834641672,0.08822180043881822,True,walking_dual_task,P08,26,0.284
2026-04-03T01:32:12.135811,1434.0026339165493,83628,68,-10.52438557540703,-2.8661852699907517,4.896505966423317,11.956315503572437,1.9924736689307654,True,walking_dual_task,P08,26,0.284
2026-04-03T01:32:12.136093,1397.0866733669127,83387,67,-10.388725766564479,-3.0995678351893634,4.795327755307615,11.854455369127876,0.10186013444456066,True,walking_dual_task,P08,26,0.284
2026-04-03T01:32:12.195409,1431.9317157155078,83387,67,-11.948711852917121,-3.0790335911365005,5.758722586335192,13.61671945167984,1.7622640825519635,True,walking_dual_task,P08,26,0.284
2026-04-03T01:32:12.196060,1412.6433600600044,83227,67,-11.943691740119329,-3.2393480274376114,5.45185730510575,13.522865676368067,0.09385377531177319,True,walking_dual_task,P08,26,0.284
2026-04-03T01:32:12.255610,1428.7042255901865,83227,66,-12.784475478032302,-2.936869044905888,6.045396839098083,14.443504975507599,0.9206392991395322,True,walking_dual_task,P08,26,0.284
2026-04-03T01:32:12.255924,1487.1485930589886,83178,66,-11.233550871718847,-0.9523841831366174,5.582120139828261,12.580133786063659,1.8633711894439404,True,walking_dual_task,P08,26,0.284
2026-04-03T01:32:12.256559,1427.192550128165,83178,67,-11.526494765215308,-1.288072210921925,5.593332233372645,12.876512612736827,0.29637882667316795,True,walking_dual_task,P08,26,0.284
2026-04-03T01:32:12.257289,1469.079567514591,83346,68,-9.967869872759623,0.20916171989691512,5.123272718950724,11.209375619457308,1.6671369932795184,True,walking_dual_task,P08,26,0.284
2026-04-03T01:32:12.257926,1417.9272148159441,83346,70,-10.047575888992435,0.2931176125369707,4.854331512807092,11.162626645018344,0.0467489744389642,True,walking_dual_task,P08,26,0.284
2026-04-03T01:32:12.315523,1398.3726918859634,83510,68,-9.777055783480982,0.6742031199653983,4.790929117677487,10.908637469953797,0.25398917506454666,True,walking_dual_task,P08,26,0.284
2026-04-03T01:32:12.375614,1334.879287406983,83510,67,-9.843549173445972,0.8410360767737494,4.807432069916789,10.987001643731027,0.0783641737772296,True,walking_dual_task,P08,26,0.284
2026-04-03T01:32:12.375933,1422.551513466663,83531,65,-10.015951508460814,0.29702197018593746,5.16348499879914,11.272492359874782,0.2854907161437552,True,walking_dual_task,P08,26,0.284
2026-04-03T01:32:12.376554,1359.6109105043006,83531,67,-10.259347908361416,-0.00038444668536734283,4.715694142909369,11.291235136249211,0.018742776374429226,True,walking_dual_task,P08,26,0.284
2026-04-03T01:32:12.377186,1358.489232990121,83498,68,-10.242649608199956,-0.0011581308801149326,4.852345754519456,11.333893049567251,0.04265791331804003,True,walking_dual_task,P08,26,0.284
2026-04-03T01:32:12.435757,1324.066481408597,83498,67,-10.171583870188671,-0.17697850677996946,4.42321725094407,11.093119068557483,0.24077398100976843,True,walking_dual_task,P08,26,0.284
2026-04-03T01:32:12.435949,1283.1226533088945,83423,66,-10.076138130329905,0.04612635999512146,4.3883131364468655,10.990358476687044,0.10276059187043884,True,walking_dual_task,P08,26,0.284
2026-04-03T01:32:12.436604,1315.0827300897058,83423,67,-9.774418871102563,-0.08780621881076535,3.789179036443002,10.483551496036391,0.5068069806506532,True,walking_dual_task,P08,26,0.284
2026-04-03T01:32:12.495374,1357.7887272016233,83433,67,-8.908899881687033,0.06721962851093785,3.356360914695466,9.520408298496223,0.9631431975401679,True,walking_dual_task,P08,26,0.284
2026-04-03T01:32:12.495970,1421.92009289972,83433,67,-8.979463341102589,0.1929266113504184,3.3059396059171684,9.570643617309349,0.05023531881312593,True,walking_dual_task,P08,26,0.284
2026-04-03T01:32:12.496626,1333.6634643192513,83493,67,-8.249959992832139,0.4443411163574135,2.9966962558878643,8.788598714304172,0.7820449030051773,True,walking_dual_task,P08,26,0.284
2026-04-03T01:32:12.555724,1456.584725664824,83493,66,-8.300760953878811,0.5499320733090314,3.202415587841398,8.914063231542762,0.12546451723859064,True,walking_dual_task,P08,26,0.284
2026-04-03T01:32:12.556227,1260.8741962897946,83531,67,-8.057121144996913,0.710205112829048,3.254648360590759,8.718619638368278,0.19544359317448468,True,walking_dual_task,P08,26,0.284
2026-04-03T01:32:12.556697,1391.9344843321653,83531,66,-8.1872514044305,0.7965023504879674,3.1992912394768305,8.826152388706827,0.10753275033854948,True,walking_dual_task,P08,26,0.284
2026-04-03T01:32:12.557373,1381.95352812325,83506,68,-8.317447652390598,0.7868281091670358,3.821287788299537,9.187016615019285,0.36086422631245796,True,walking_dual_task,P08,26,0.284
2026-04-03T01:32:12.615705,1400.7560411175846,83506,68,-8.389256494107508,0.5862406168010055,3.705183613253113,9.189759963820144,0.0027433488008590245,True,walking_dual_task,P08,26,0.284
2026-04-03T01:32:12.615984,1382.3268410773842,83474,67,-8.343232850806148,0.7552900995109773,3.961954911940608,9.2669889533462,0.07722898952605561,True,walking_dual_task,P08,26,0.284
2026-04-03T01:32:12.616698,1358.3012830271462,83474,67,-8.235057467639388,0.6816616042914055,3.705200221940206,9.055900989010102,0.2110879643360981,True,walking_dual_task,P08,26,0.284
2026-04-03T01:32:12.675596,1314.445485090825,83490,68,-8.32586551544597,0.7658929303020835,3.778972593356844,9.175361705312834,0.1194607163027328,True,walking_dual_task,P08,26,0.284
2026-04-03T01:32:12.735610,1384.2379858682493,83490,67,-8.247087470192414,0.6393897503926623,3.8903655540056072,9.141018276849973,0.034343428462861425,True,walking_dual_task,P08,26,0.284
2026-04-03T01:32:12.795641,1253.534683564868,83525,68,-8.25816726745448,0.557398317700603,3.802288114412327,9.108535250348066,0.032483026501907375,True,walking_dual_task,P08,26,0.284
2026-04-03T01:32:12.855936,1297.8852436700918,83525,67,-8.399193795557874,0.6414006573962986,3.904999897601265,9.28476577081577,0.17623052046770482,True,walking_dual_task,P08,26,0.284
2026-04-03T01:32:12.975878,1349.044123560886,83315,66,-8.249634624851176,0.6412306818318406,3.7932098791912554,9.102532033366325,0.1822337374494456,True,walking_dual_task,P08,26,0.284
2026-04-03T01:32:13.035854,1409.880499579866,83315,67,-8.204579004957665,0.7320202262624615,3.850963389087528,9.092903237379245,0.009628795987079997,True,walking_dual_task,P08,26,0.284
2026-04-03T01:32:13.095715,1383.0602488331754,83029,66,-8.444780986046379,0.8715608180394192,3.887821434655128,9.337510357134596,0.24460711975535077,True,walking_dual_task,P08,26,0.284
2026-04-03T01:32:13.155635,1363.8878098131202,83029,66,-8.29272501218245,0.7419901334243637,3.7198107328298256,9.119036647247968,0.21847370988662718,True,walking_dual_task,P08,26,0.284
2026-04-03T01:32:13.215640,1407.7954205136252,82997,69,-8.354856612839633,0.6532481401056083,3.886720615398418,9.237800565926102,0.11876391867813396,True,walking_dual_task,P08,26,0.284
2026-04-03T01:32:13.275821,1387.4594747215804,82997,66,-12.2986180699322,1.3435191095304713,4.271990996506344,13.088581172226714,3.850780606300612,True,walking_dual_task,P08,26,0.284
2026-04-03T01:32:13.335655,1349.9110701168938,83033,68,-11.810365280737367,1.0242717668379817,4.3215934979166155,12.617845738398579,0.47073543382813554,True,walking_dual_task,P08,26,0.284
2026-04-03T01:32:13.395597,1388.51210481398,83033,65,-11.753221029464479,1.5962626227349432,3.5341875253265727,12.37645912175048,0.24138661664809824,True,walking_dual_task,P08,26,0.284
2026-04-03T01:32:13.455798,1336.6487183355364,83024,68,-11.644234564860856,1.788184143821266,3.4355385370138385,12.271459822409936,0.10499929934054464,True,walking_dual_task,P08,26,0.284
2026-04-03T01:32:13.515648,1399.4928318583368,83024,67,-10.044790045816878,0.9351547336633597,2.5933881174576796,10.416236526126195,1.8552232962837412,True,walking_dual_task,P08,26,0.284
2026-04-03T01:32:13.575727,1511.0606389436198,83146,67,-10.18987123656657,0.9478970671401706,2.5850603346708483,10.555307745470436,0.13907121934424183,True,walking_dual_task,P08,26,0.284
2026-04-03T01:32:13.696038,1420.029106352269,83146,67,-8.183018933728688,0.7172447217309805,2.1781656923693236,8.498273038919606,2.05703470655083,True,walking_dual_task,P08,26,0.284
2026-04-03T01:32:13.755601,1267.8580028335132,83426,68,-6.91880648136582,0.5142424886414279,2.0762683745573636,7.241907126365326,1.2563659125542808,True,walking_dual_task,P08,26,0.284
2026-04-03T01:32:13.815635,1206.3769130923763,83426,66,-6.8100921155280085,0.698080056944634,2.062985378149257,7.14986566715335,0.09204145921197604,True,walking_dual_task,P08,26,0.284
2026-04-03T01:32:13.875675,1245.772120139594,83552,67,-6.158979133436306,0.7326600908720575,1.8840723860709179,6.482248339181047,0.6676173279723026,True,walking_dual_task,P08,26,0.284
2026-04-03T01:32:13.935482,1387.6595930236297,83552,67,-6.216963761321963,0.5739344415294332,1.782055228098649,6.492746721439083,0.01049838225803601,True,walking_dual_task,P08,26,0.284
2026-04-03T01:32:13.936119,1456.875723072538,83617,67,-6.247260154665901,0.6191502944790775,1.878718694191306,6.552952804586162,0.06020608314707854,True,walking_dual_task,P08,26,0.284
2026-04-03T01:32:13.936759,1285.5456332293932,83617,66,-6.54592533734443,0.7948646891248763,1.7852814650258697,6.831411150375176,0.27845834578901485,True,walking_dual_task,P08,26,0.284
2026-04-03T01:32:13.995453,1363.1573331326547,83655,65,-6.521128084994303,0.6721774281174369,1.9110355224032907,6.828542360098475,0.002868790276701283,True,walking_dual_task,P08,26,0.284
2026-04-03T01:32:13.996012,1262.3510257134278,83687,66,-6.54886759884598,0.6280490034102344,1.721240592922383,6.800351575957165,0.028190784141310488,True,walking_dual_task,P08,26,0.284
2026-04-03T01:32:13.996706,1327.4211611680275,83767,68,-8.263962750405762,-0.24864527398863848,2.620754042727469,8.67313418349118,1.872782607534016,True,walking_dual_task,P08,26,0.284
2026-04-03T01:32:13.997356,1375.1092048252629,83650,68,-8.981748620998479,-0.9363587341360965,4.181221910881396,9.95144173664478,1.2783075531535992,True,walking_dual_task,P08,26,0.284
2026-04-03T01:32:13.998037,1330.0219062529245,83520,68,-13.037896182550321,-1.0904666569714867,5.707809652474293,14.274275653279417,4.322833916634638,True,walking_dual_task,P08,26,0.284
2026-04-03T01:32:13.998758,1318.949107006009,83155,68,-9.986468215196854,-0.4623390768957789,5.189533137663954,11.26386075118448,3.0104149020949382,True,walking_dual_task,P08,26,0.284
2026-04-03T01:32:14.055521,1364.949470644212,83269,65,-9.0182234424369,-0.11749014843645145,5.283959116577364,10.452864771839302,0.8109959793451775,True,walking_dual_task,P08,26,0.284
2026-04-03T01:32:14.056133,1507.2479526734471,83537,67,-9.339156171097844,-0.28501252102385455,4.331964391769893,10.298882736338813,0.15398203550048883,True,walking_dual_task,P08,26,0.284
2026-04-03T01:32:14.056447,1360.8720104397105,83480,66,-9.949252493788306,-0.27529356881055433,4.154137919110157,10.785187693553143,0.48630495721432965,True,walking_dual_task,P08,26,0.284
2026-04-03T01:32:14.057202,1324.0188191392258,83371,66,-9.661319009166911,-0.7915855099786292,4.0772736304633765,10.51626610894618,0.2689215846069626,True,walking_dual_task,P08,26,0.284
2026-04-03T01:32:14.058006,1294.1565800130784,83304,67,-9.684931869954832,-0.9201589883699197,3.880911512951192,10.474066643902065,0.042199465044115314,True,walking_dual_task,P08,26,0.284
2026-04-03T01:32:14.058728,1350.7449043437687,83257,65,-9.702433608978671,-0.7423522250606613,4.063524148395889,10.545166346117444,0.07109970221537942,True,walking_dual_task,P08,26,0.284
2026-04-03T01:32:14.115782,1328.6900347527646,83242,67,-10.343140662915483,0.7761392003116618,5.828924024136586,11.897869813973962,1.352703467856518,True,walking_dual_task,P08,26,0.284
2026-04-03T01:32:14.116105,1372.7908972912853,83114,66,-11.21343317552282,0.8936646889742182,5.493369207167097,12.518659089714314,0.6207892757403517,True,walking_dual_task,P08,26,0.284
2026-04-03T01:32:14.116864,1366.56499744275,83007,67,-11.30651151909768,0.5504351837154077,5.146247966170937,12.434791906271647,0.08386718344266697,True,walking_dual_task,P08,26,0.284
2026-04-03T01:32:14.117562,1200.0370785629054,83029,64,-10.369953867126428,0.6165061075015194,4.226158692460439,11.215009597890496,1.2197823083811503,True,walking_dual_task,P08,26,0.284
2026-04-03T01:32:14.118438,1298.8057142689026,83029,66,-10.58079059565354,0.56911686459836,4.115811699976291,11.367362472636401,0.15235287474590464,True,walking_dual_task,P08,26,0.284
2026-04-03T01:32:14.175808,1336.619730559206,83056,65,-9.971632761906609,1.1800457643755355,3.39157032786053,10.598524295069284,0.7688381775671171,True,walking_dual_task,P08,26,0.284
2026-04-03T01:32:14.176221,1245.4585992114833,83056,66,-10.148904895472521,1.2370574629658442,3.288832005848623,10.739971960238996,0.14144766516971252,True,walking_dual_task,P08,26,0.284
2026-04-03T01:32:14.176807,1314.564351662847,82995,66,-9.960365842146928,1.1291121546491585,2.643473376285423,10.366857453361341,0.37311450687765557,True,walking_dual_task,P08,26,0.284
2026-04-03T01:32:14.177208,1157.0763948510544,82995,66,-9.945483778262536,0.5972570290408113,2.060509917637587,10.17423533554757,0.19262211781377125,True,walking_dual_task,P08,26,0.284
2026-04-03T01:32:14.177953,1296.9963035994608,83073,67,-9.906375962885164,0.4636817272157964,1.971896156793434,10.11136291087208,0.06287242467548992,True,walking_dual_task,P08,26,0.284
2026-04-03T01:32:14.178802,1259.257516522264,83073,65,-9.289676515608559,0.27545933448136056,1.5414762218983231,9.420728026659086,0.6906348842129937,True,walking_dual_task,P08,26,0.284
2026-04-03T01:32:14.235717,1306.8917010291996,83235,66,-9.150957951481407,0.343657938881553,1.5263270563475622,9.28373882073789,0.13698920592119634,True,walking_dual_task,P08,26,0.284
2026-04-03T01:32:14.236088,1425.6658866949497,83235,64,-7.867829386165613,0.01088263894460742,1.4676687079811461,8.003556029542656,1.2801827911952337,True,walking_dual_task,P08,26,0.284
2026-04-03T01:32:14.236575,1286.9100433888668,83313,67,-6.854428813659814,-0.002346240837055355,1.454508717986685,7.0070532663221,0.9965027632205556,True,walking_dual_task,P08,26,0.284
2026-04-03T01:32:14.237691,1355.6588822526157,83313,65,-6.784227195387175,0.15986679127988512,1.321349209797976,6.913556231334117,0.09349703498798334,True,walking_dual_task,P08,26,0.284
2026-04-03T01:32:14.238164,1319.8055587143892,83387,66,-6.429257583234136,0.2706506454359697,1.3174186955397176,6.568424229813885,0.3451320015202324,True,walking_dual_task,P08,26,0.284
2026-04-03T01:32:14.238997,1256.095954579375,83387,66,-6.645208554617743,0.15344731638315467,1.3779983924312962,6.788315135791301,0.21989090597741612,True,walking_dual_task,P08,26,0.284
2026-04-03T01:32:14.239328,1338.9716751936826,83528,66,-6.636986245242887,0.48484651569277354,1.16891832835989,6.756554789365537,0.03176034642576386,True,walking_dual_task,P08,26,0.284
2026-04-03T01:32:14.295343,1378.4131533870786,83528,65,-7.316295273040437,0.5453348271452161,1.655332834717561,7.521016778980447,0.7644619896149099,True,walking_dual_task,P08,26,0.284
2026-04-03T01:32:14.295767,1298.2470251063887,83670,66,-7.227791354420934,0.49192237665047894,1.3797410810631487,7.374729889186773,0.14628688979367332,True,walking_dual_task,P08,26,0.284
2026-04-03T01:32:14.296482,1342.3036114276563,83670,66,-8.363028756846994,-0.03889095524268339,2.2118180118549935,8.650659016041242,1.2759291268544688,True,walking_dual_task,P08,26,0.284
2026-04-03T01:32:14.355663,1394.1665155999303,83689,67,-8.41604700530185,0.19554665080491887,2.2280970287427984,8.70818592231377,0.05752690627252832,True,walking_dual_task,P08,26,0.284
2026-04-03T01:32:14.356148,1318.028183410332,83689,64,-9.035586405309221,-0.8437717477488348,2.6732448009534315,9.460444504141044,0.7522585818272738,True,walking_dual_task,P08,26,0.284
2026-04-03T01:32:14.356977,1249.1057703800261,83568,65,-9.218663434324869,-0.8929561135161241,2.6948592594464107,9.6459002982743,0.1854557941332562,True,walking_dual_task,P08,26,0.284
2026-04-03T01:32:14.415638,1245.0414051868115,83568,66,-9.728395376272793,-1.600895750017246,2.9148256296362285,10.281087114244942,0.6351868159706413,True,walking_dual_task,P08,26,0.284
2026-04-03T01:32:14.416292,1319.8154907732683,83411,66,-11.22097685796859,-0.7647103661717742,4.066664703403226,11.959634835608606,1.678547721363664,True,walking_dual_task,P08,26,0.284
2026-04-03T01:32:14.416499,1308.6945938076067,83411,66,-11.051467895990015,-0.7103433460845339,4.012695173876711,11.778847689136573,0.1807871464720332,True,walking_dual_task,P08,26,0.284
2026-04-03T01:32:14.475352,1263.9957084008827,83276,66,-12.719636704633453,0.0878560400832781,5.364164911147942,13.8047506958883,2.0259030067517276,True,walking_dual_task,P08,26,0.284
2026-04-03T01:32:14.475792,1408.702311324768,83276,67,-12.728216977617585,-0.07985647426187845,5.342558425860653,13.804231779404775,0.0005189164835250892,True,walking_dual_task,P08,26,0.284
2026-04-03T01:32:14.476684,1228.2825786364094,83183,65,-11.217787581655095,-0.06530715108883603,5.589455738313268,12.533357040381548,1.2708747390232276,True,walking_dual_task,P08,26,0.284
2026-04-03T01:32:14.535348,1370.407377635922,83183,65,-9.599365006061154,-0.43383621800625327,5.907690987341599,11.279930637444656,1.253426402936892,True,walking_dual_task,P08,26,0.284
2026-04-03T01:32:14.535765,1283.5135769594367,83215,66,-9.601034353465774,-0.6626175064223452,5.871171335176966,11.273401237570274,0.00652939987438117,True,walking_dual_task,P08,26,0.284
2026-04-03T01:32:14.536779,1343.5651702070663,83215,66,-9.772515381267137,-0.5963834464571457,5.909567254525008,11.4359396303087,0.1625383927384263,True,walking_dual_task,P08,26,0.284
2026-04-03T01:32:14.595616,1289.8004254457742,83314,68,-9.573231750211336,-0.10194264322451897,5.63225977993888,11.107632901499723,0.32830672880897716,True,walking_dual_task,P08,26,0.284
2026-04-03T01:32:14.595906,1252.9365136171325,83314,66,-9.413295421204658,-0.33409638255833596,5.823775626746547,11.07420939076006,0.03342351073966299,True,walking_dual_task,P08,26,0.284
2026-04-03T01:32:14.596423,1352.6466464764064,83292,67,-9.402571856595152,-0.24013941952560397,5.636151243140041,10.965045612982845,0.10916377777721564,True,walking_dual_task,P08,26,0.284
2026-04-03T01:32:14.715738,1330.1405527070046,83292,66,-9.414205817902362,-0.20637040905539164,5.7259077621106895,11.020702320077419,0.05565670709457393,True,walking_dual_task,P08,26,0.284
2026-04-03T01:32:14.716013,1319.1953634870947,83280,63,-9.21215339459761,-0.140429779406529,5.688944070218312,10.828091952075978,0.19261036800144105,True,walking_dual_task,P08,26,0.284
2026-04-03T01:32:14.716726,1325.1711660307315,83280,62,-9.34023409172582,-0.14835627600357965,5.676594239701241,10.93095168020956,0.10285972813358235,True,walking_dual_task,P08,26,0.284
2026-04-03T01:32:14.717225,1371.253008611768,83144,63,-9.174677850550758,-0.25962151374092346,5.626443943650857,10.765639249149546,0.16531243106001448,True,walking_dual_task,P08,26,0.284
2026-04-03T01:32:14.718006,1330.5582924006899,83144,63,-9.173506182374712,-0.06864377590662893,5.647806207130516,10.772912447399717,0.007273198250171475,True,walking_dual_task,P08,26,0.284
2026-04-03T01:32:14.718811,1325.1375365798788,83004,65,-9.249473278394655,-0.060074335914333185,5.6327622871785765,10.829791126214463,0.05687867881474595,True,walking_dual_task,P08,26,0.284
2026-04-03T01:32:14.775692,1322.8736503585887,83004,64,-9.164740578416446,-0.13321295332084973,5.78425851300201,10.83825918244446,0.008468056229997245,True,walking_dual_task,P08,26,0.284
2026-04-03T01:32:14.776107,1312.3651468413514,82986,62,-9.310035113879076,-0.10721328963794996,5.774527304334995,10.95597618195872,0.11771699951425951,True,walking_dual_task,P08,26,0.284
2026-04-03T01:32:14.776860,1401.6917762765293,82986,64,-9.346192168948711,-0.26802775041355364,5.597719332918762,10.897596462708758,0.058379719249961326,True,walking_dual_task,P08,26,0.284
2026-04-03T01:32:14.835350,1364.5475459385611,83047,63,-9.344858082432154,-0.2716743770561021,5.759563209306318,10.980562276584076,0.0829658138753171,True,walking_dual_task,P08,26,0.284
2026-04-03T01:32:14.835783,1357.3834407090558,83047,63,-8.086480684006986,0.9092323541181575,4.289687009491921,9.198874277105709,1.7816879994783665,True,walking_dual_task,P08,26,0.284
2026-04-03T01:32:14.895557,1363.7462917414782,83099,63,-7.8497291418763275,0.829083827915599,4.413100782527705,9.043289562503254,0.1555847146024547,True,walking_dual_task,P08,26,0.284
2026-04-03T01:32:14.895936,1268.2437431444607,83099,63,-8.380879694593967,0.5150889260395034,4.673499497028517,9.609685666332265,0.5663961038290104,True,walking_dual_task,P08,26,0.284
2026-04-03T01:32:14.896655,1360.2590531459641,83112,64,-8.430981386928265,0.5681863970114309,4.721688232030402,9.679804888993067,0.07011922266080184,True,walking_dual_task,P08,26,0.284
2026-04-03T01:32:14.955815,1285.8455295826197,83112,63,-8.485373366893223,0.3356389252182565,4.882121979130918,9.795372871045577,0.11556798205251084,True,walking_dual_task,P08,26,0.284
2026-04-03T01:32:14.956217,1304.3245545046846,83091,62,-8.40804532860735,0.38204962703258555,4.930570675131574,9.754574073115599,0.04079879792997865,True,walking_dual_task,P08,26,0.284
2026-04-03T01:32:14.957207,1315.9000992168353,83091,63,-8.649137791551217,0.2311640205740656,4.96709082789306,9.976623308223418,0.2220492351078196,True,walking_dual_task,P08,26,0.284
2026-04-03T01:32:15.015420,1344.3648433821568,83080,63,-9.381397424491183,0.27088141839217295,4.8726671740164065,10.574822918981527,0.5981996107581082,True,walking_dual_task,P08,26,0.284
2026-04-03T01:32:15.016122,1342.4674173891403,83080,63,-9.565327769119339,0.4012422748563925,4.539315191722066,10.595370361795581,0.020547442814054406,True,walking_dual_task,P08,26,0.284
2026-04-03T01:32:15.016791,1325.5507221370801,83007,62,-11.004816969402897,0.26053711083372033,4.963854305026273,12.075335427130272,1.4799650653346905,True,walking_dual_task,P08,26,0.284
2026-04-03T01:32:15.017424,1295.7253026263213,83007,63,-10.85950509758444,0.2527983800990027,5.039292526286914,11.974440577786266,0.10089484934400517,True,walking_dual_task,P08,26,0.284
2026-04-03T01:32:15.075419,1349.2345493013006,82838,63,-11.816842471233524,0.3938808967369136,5.282056473480238,12.94963430911457,0.9751937313283037,True,walking_dual_task,P08,26,0.284
2026-04-03T01:32:15.076019,1307.4232675962835,82838,63,-10.987276266313572,0.44892174332820484,4.39372552494309,11.84173105894855,1.1079032501660198,True,walking_dual_task,P08,26,0.284
2026-04-03T01:32:15.077245,1277.723306322559,82739,62,-11.171376922745324,0.5714129366353606,4.571169509702631,12.083946614440004,0.24221555549145357,True,walking_dual_task,P08,26,0.284
2026-04-03T01:32:15.135610,1378.9975533606796,82739,63,-10.400373249716019,0.30781756212177813,4.046281354499865,11.16400054571534,0.9199460687246646,True,walking_dual_task,P08,26,0.284
2026-04-03T01:32:15.136023,1309.6874270621768,82789,64,-10.375101226281933,0.3128543247150004,3.9364672909487486,11.101188135366373,0.06281241034896645,True,walking_dual_task,P08,26,0.284
2026-04-03T01:32:15.136521,1402.7357214158856,82789,64,-10.124821945291606,0.6805834334770996,3.4724066947157954,10.725335495325497,0.3758526400408755,True,walking_dual_task,P08,26,0.284
2026-04-03T01:32:15.195472,1310.017344960857,82860,63,-10.208297235961796,0.5813947173029574,3.5969098369683543,10.839054970352938,0.11371947502744106,True,walking_dual_task,P08,26,0.284
2026-04-03T01:32:15.195995,1340.2261871196015,82860,63,-9.427024953993076,0.8097834618034683,3.079627794287434,9.95030934642568,0.8887456239272584,True,walking_dual_task,P08,26,0.284
2026-04-03T01:32:15.196632,1342.711879631064,82939,63,-8.676832213072354,0.5520697943497312,2.5220122699460368,9.052775497128037,0.897533849297643,True,walking_dual_task,P08,26,0.284
2026-04-03T01:32:15.255741,1302.2639680956474,82939,62,-8.54318193069209,0.6828454207737034,2.4794963369291985,8.921890912492751,0.13088458463528596,True,walking_dual_task,P08,26,0.284
2026-04-03T01:32:15.256416,1288.7923314359784,83070,64,-8.038392668711984,0.5215759917980577,2.064334847493005,8.315604402218558,0.6062865102741934,True,walking_dual_task,P08,26,0.284
2026-04-03T01:32:15.256808,1231.5240714071426,83070,63,-7.932293331526017,0.7775455382407177,2.0841877736867804,8.23830645444776,0.07729794777079668,True,walking_dual_task,P08,26,0.284
2026-04-03T01:32:15.315873,1369.9999043721184,83182,63,-7.317239235592451,0.668722285999721,1.8063014327651472,7.566498819975836,0.671807634471925,True,walking_dual_task,P08,26,0.284
2026-04-03T01:32:15.316132,1319.1463461814415,83182,62,-7.127500246149775,0.47325195565568456,2.4267465521511644,7.544158402418032,0.022340417557804138,True,walking_dual_task,P08,26,0.284
2026-04-03T01:32:15.316785,1328.9726263032655,83132,62,-6.898269241166577,0.5516840890631414,2.5594328807566686,7.37842601974491,0.16573238267312185,True,walking_dual_task,P08,26,0.284
2026-04-03T01:32:15.435774,1253.8155622673398,83132,64,-7.106077164132384,0.34087311389438524,2.7410757596389432,7.6240424620053115,0.2456164422604017,True,walking_dual_task,P08,26,0.284
2026-04-03T01:32:15.436106,1423.2501720499117,83035,64,-7.3021713858583865,0.16730473812377816,2.8168133498035814,7.82841843998386,0.20437597797854856,True,walking_dual_task,P08,26,0.284
2026-04-03T01:32:15.436904,1245.3313803928634,83035,61,-6.9324424571386265,0.4110747352286298,2.8163903268794526,7.4939839426583825,0.3344344973254776,True,walking_dual_task,P08,26,0.284
2026-04-03T01:32:15.437395,1246.6802223615825,83142,63,-7.686108796358397,0.5965588543512144,2.8029653696827586,8.202972982998515,0.7089890403401329,True,walking_dual_task,P08,26,0.284
2026-04-03T01:32:15.438077,1283.6178460189155,83142,64,-7.5165501751547605,0.6135176781710971,2.8387797789106908,8.058138811797656,0.14483417120085917,True,walking_dual_task,P08,26,0.284
2026-04-03T01:32:15.438808,1322.6401395866014,83198,63,-8.290508176680813,0.34276586397242026,3.3879624607669117,8.962605865521589,0.9044670537239323,True,walking_dual_task,P08,26,0.284
2026-04-03T01:32:15.495953,1362.075463496969,83198,63,-8.247828291273086,0.3484748686582721,3.1464815140444573,8.834503504704415,0.12810236081717363,True,walking_dual_task,P08,26,0.284
2026-04-03T01:32:15.496416,1275.3486092537198,83146,63,-8.563793766827576,0.030639568234692147,3.622992417594548,9.298686817064226,0.46418331235981114,True,walking_dual_task,P08,26,0.284
2026-04-03T01:32:15.497437,1263.4747903212633,83146,64,-9.194347084719274,-0.34702777514370875,4.063981003265827,10.058448597368907,0.7597617803046806,True,walking_dual_task,P08,26,0.284
2026-04-03T01:32:15.555637,1254.2006617637262,83046,62,-9.255267025191234,-0.2602236768302054,4.163701476423139,10.152048761424634,0.09360016405572757,True,walking_dual_task,P08,26,0.284
2026-04-03T01:32:15.556219,1276.4038517274332,83046,63,-9.329387795842104,-0.3058205377613076,3.9448334736763164,10.133741361489417,0.01830739993521746,True,walking_dual_task,P08,26,0.284
2026-04-03T01:32:15.557214,1505.6288596507472,82937,61,-10.274205114614897,-1.0475065749861727,4.75332789503226,11.368847208029052,1.2351058465396356,True,walking_dual_task,P08,26,0.284
2026-04-03T01:32:15.615602,1433.2814593997425,82937,62,-9.984845796749509,-1.0018422715638866,4.695965878936614,11.079392088833012,0.28945511919603994,True,walking_dual_task,P08,26,0.284
2026-04-03T01:32:15.675669,1297.8426894473948,82875,62,-10.082285544919337,-1.0590102626304085,4.666195694139156,11.160079157499231,0.08068706866621866,True,walking_dual_task,P08,26,0.284
2026-04-03T01:32:15.676022,1271.4412172072612,82875,62,-9.985422006290467,-0.8274962297645161,4.751532833573293,11.089204972517617,0.07087418498161391,True,walking_dual_task,P08,26,0.284
2026-04-03T01:32:15.676943,1283.9358412176505,82820,63,-10.025822067143196,-1.0079167089500891,4.801590883217777,11.16191198782701,0.07270701530939228,True,walking_dual_task,P08,26,0.284
2026-04-03T01:32:15.677411,1318.051229696077,82820,62,-10.01676063721359,-0.9685445171512516,4.905793477473237,11.195551875122295,0.03363988729528522,True,walking_dual_task,P08,26,0.284
2026-04-03T01:32:15.735449,1231.7101325084361,82762,62,-10.066205675497947,-0.9262008264981808,4.838336817950849,11.20695533302296,0.011403457900664549,True,walking_dual_task,P08,26,0.284
2026-04-03T01:32:15.736032,1320.631661216909,82762,64,-10.144814314058372,-0.9019637717472528,4.4967599161832075,11.133357348799155,0.07359798422380415,True,walking_dual_task,P08,26,0.284
2026-04-03T01:32:15.736729,1374.7578304022402,82795,64,-10.18599900398435,-1.0583184415649238,4.524449895312088,11.195769758623841,0.06241240982468632,True,walking_dual_task,P08,26,0.284
2026-04-03T01:32:15.737386,1411.9858502011414,82795,63,-9.921949645250308,-1.0127034410958897,4.597058626990278,10.981967084383193,0.21380267424064847,True,walking_dual_task,P08,26,0.284
2026-04-03T01:32:15.795501,1271.6722184425803,82824,65,-10.081029356791978,-0.9206991597247393,4.473687205173512,11.067462086899269,0.08549500251607611,True,walking_dual_task,P08,26,0.284
2026-04-03T01:32:15.795819,1309.1772336476472,82824,62,-10.042334908249689,-1.0259413212715096,4.796992034834382,11.17641170440706,0.10894961750779153,True,walking_dual_task,P08,26,0.284
2026-04-03T01:32:15.855935,1303.3211613514147,82835,63,-10.106506630597917,-1.0465146348873517,4.709637598287139,11.198989037522669,0.022577333115608056,True,walking_dual_task,P08,26,0.284
2026-04-03T01:32:15.856392,1263.444186654854,82835,63,-9.081319417841794,-0.22650856461278585,4.433716642934901,10.108388188457706,1.0906008490649626,True,walking_dual_task,P08,26,0.284
2026-04-03T01:32:15.856852,1303.9831939429716,82875,63,-8.923548342047738,-1.917235806658455,4.326166294245196,10.100555576633369,0.007832611824337476,True,walking_dual_task,P08,26,0.284
2026-04-03T01:32:15.915415,1441.9928434415585,82875,61,-9.420038506240234,-2.552512323527012,4.495546266266752,10.74534228644909,0.6447867098157207,True,walking_dual_task,P08,26,0.284
2026-04-03T01:32:15.916001,1320.8146607688607,82870,64,-9.329027179487428,-2.5735673785542055,4.491930168050889,10.669181496357591,0.07616079009149779,True,walking_dual_task,P08,26,0.284
2026-04-03T01:32:15.916687,1208.8235914358613,82870,62,-8.92070346605802,-1.7921136914266562,4.916766603374358,10.34239893082818,0.32678256552941143,True,walking_dual_task,P08,26,0.284
2026-04-03T01:32:15.975424,1345.0983656244691,82823,65,-8.999287955433472,-1.7950267681332734,4.891713382158769,10.398950168950524,0.05655123812234386,True,walking_dual_task,P08,26,0.284
2026-04-03T01:32:15.976062,1334.5567659347826,82823,64,-8.547726177269547,-1.1315489471894655,5.024945487116535,9.979684512546351,0.419265656404173,True,walking_dual_task,P08,26,0.284
2026-04-03T01:32:15.977001,1377.8445081579298,82768,64,-7.74542584453613,-0.2382559865849841,4.572367986917306,8.997496120373603,0.9821883921727483,True,walking_dual_task,P08,26,0.284
2026-04-03T01:32:16.035577,1307.2991960387008,82768,63,-7.665524492891504,-0.06493961156359729,4.5631193776947185,8.921128928524832,0.07636719184877094,True,walking_dual_task,P08,26,0.284
2026-04-03T01:32:16.035975,1315.5284592104704,82692,63,-7.530905648181272,0.5545884582765697,4.1063494075335365,8.595592690246159,0.32553623827867284,True,walking_dual_task,P08,26,0.284
2026-04-03T01:32:16.036748,1333.4686050364078,82692,62,-7.286241596663787,0.6204086355115135,4.267952071390215,8.46697338862329,0.1286193016228694,True,walking_dual_task,P08,26,0.284
2026-04-03T01:32:16.155865,1330.7216231018263,82720,63,-7.66067193246663,0.320588206833154,4.150260896676261,8.718562769500632,0.25158938087734306,True,walking_dual_task,P08,26,0.284
2026-04-03T01:32:16.155981,1230.5570598153781,82720,63,-7.616108484305245,0.3505135870673932,4.223780092114416,8.715978802519386,0.0025839669812466326,True,walking_dual_task,P08,26,0.284
2026-04-03T01:32:16.156559,1394.304217022304,82783,64,-8.143951482789602,0.09453107352486888,4.725331581151867,9.416031033812702,0.7000522312933164,True,walking_dual_task,P08,26,0.284
2026-04-03T01:32:16.157223,1234.5958379788563,82783,65,-8.426944530510928,-0.030043917222899473,4.8836558480040395,9.739835275763866,0.323804241951164,True,walking_dual_task,P08,26,0.284
2026-04-03T01:32:16.158176,1228.6227484165795,82794,61,-8.976023358716928,0.0947923335570808,4.823934388591332,10.190599781571601,0.45076450580773475,True,walking_dual_task,P08,26,0.284
2026-04-03T01:32:16.215407,1332.935600833127,82794,64,-9.590258088311455,-0.2403454284509088,4.614636253637536,10.645453671816265,0.4548538902446637,True,walking_dual_task,P08,26,0.284
2026-04-03T01:32:16.216047,1281.5187277967173,82710,62,-9.32432665102668,-0.40619508456955666,4.838765393579845,10.512930727246367,0.13252294456989766,True,walking_dual_task,P08,26,0.284
2026-04-03T01:32:16.216763,1252.3106984104227,82710,62,-10.465150450784819,-0.3539232557023561,4.389591114640677,11.353992504058695,0.8410617768123281,True,walking_dual_task,P08,26,0.284
2026-04-03T01:32:16.217840,1446.970296606144,82589,62,-10.991071607076519,0.16680843182713134,4.6970031232012355,11.953799331767888,0.5998068277091928,True,walking_dual_task,P08,26,0.284
2026-04-03T01:32:16.218419,1329.1588675126106,82589,62,-10.926702881626094,0.1306754371357977,4.806146707247498,11.937711594136983,0.01608773763090454,True,walking_dual_task,P08,26,0.284
2026-04-03T01:32:16.275270,1323.5874688688527,82510,64,-10.94417173394239,0.3161862040977721,4.3850451550334055,11.794214245525952,0.14349734861103158,True,walking_dual_task,P08,26,0.284
2026-04-03T01:32:16.275793,1234.8279986076411,82510,63,-11.133174081759257,0.3745596711957077,4.617001055982333,12.058381269183036,0.2641670236570839,True,walking_dual_task,P08,26,0.284
2026-04-03T01:32:16.276785,1394.4676747546955,82474,63,-10.742875765222221,-0.4193647960701692,3.836886404328513,11.415206691904572,0.6431745772784634,True,walking_dual_task,P08,26,0.284
2026-04-03T01:32:16.335856,1347.2938001346809,82474,62,-10.576813392433088,-0.32254711561891986,4.13405136952496,11.360607329980963,0.054599361923608924,True,walking_dual_task,P08,26,0.284
2026-04-03T01:32:16.336143,1309.8378721055496,82499,63,-10.399105956090075,-0.44822106207818896,3.403788702709984,10.951168172353793,0.40943915762717076,True,walking_dual_task,P08,26,0.284
2026-04-03T01:32:16.336691,1340.378550115159,82499,63,-10.298030323601806,0.018044437922864105,3.459562645219907,10.863624065833797,0.08754410651999578,True,walking_dual_task,P08,26,0.284
2026-04-03T01:32:16.455891,1234.545705715192,82536,65,-10.229883383965076,-0.07667760358219085,3.277584721410475,10.742390567766526,0.12123349806727113,True,walking_dual_task,P08,26,0.284
2026-04-03T01:32:16.456212,1441.2512875473255,82536,63,-9.962636276226148,-0.4044335091814817,3.2177643090566885,10.477198823367107,0.2651917443994183,True,walking_dual_task,P08,26,0.284
2026-04-03T01:32:16.456574,1363.2695780218296,82565,64,-10.0649809874158,-0.18910501513052577,3.0670446534997353,10.523609926748062,0.046411103380954444,True,walking_dual_task,P08,26,0.284
2026-04-03T01:32:16.457246,1395.332900405425,82565,63,-9.143108068399693,-1.05469711116006,2.53631802469705,9.54681728478806,0.9767926419600013,True,walking_dual_task,P08,26,0.284
2026-04-03T01:32:16.458227,1348.426840017391,82660,62,-8.49617965946687,-0.666563049211804,2.1068371819158376,8.778846052620821,0.7679712321672394,True,walking_dual_task,P08,26,0.284
2026-04-03T01:32:16.458940,1385.1766573407745,82660,63,-8.482745231700568,-0.6557152564603943,2.06909220561251,8.756030591473518,0.02281546114730304,True,walking_dual_task,P08,26,0.284
2026-04-03T01:32:16.515676,1305.8157844485704,82747,62,-7.858266955196704,-0.07430575608420821,2.25130679666677,8.174733217496565,0.5812973739769536,True,walking_dual_task,P08,26,0.284
2026-04-03T01:32:16.516100,1220.5923385655562,82747,64,-8.106001558806714,-0.12331986043142523,2.1634242418959913,8.39064202011842,0.21590880262185586,True,walking_dual_task,P08,26,0.284
2026-04-03T01:32:16.575774,1240.4443195997274,82805,64,-7.717935795536602,-0.2823066710871409,2.3683393295104525,8.078072863020704,0.31256915709771604,True,walking_dual_task,P08,26,0.284
2026-04-03T01:32:16.635449,1254.2301598096353,82805,64,-7.660284246554479,-0.4108754717197939,2.57469556404202,8.091837284496602,0.013764421475897848,True,walking_dual_task,P08,26,0.284
2026-04-03T01:32:16.636564,1230.2813766875556,82883,64,-7.334505168406288,-0.2801155977200944,2.533596175835949,7.764827132375529,0.32701015212107354,True,walking_dual_task,P08,26,0.284
2026-04-03T01:32:16.636673,1294.362531660235,82883,63,-7.494868642642802,-0.3914545559239358,2.4171097665486028,7.884713835223737,0.11988670284820824,True,walking_dual_task,P08,26,0.284
2026-04-03T01:32:16.637350,1402.7122649533183,82939,63,-7.4219896073901355,-0.39461912873653215,2.2768084149222276,7.773384754869182,0.11132908035455458,True,walking_dual_task,P08,26,0.284
2026-04-03T01:32:16.637915,1248.2634759799205,82939,62,-7.667505481000661,-0.34128753869965156,2.449062770783957,8.056365554050215,0.2829807991810327,True,walking_dual_task,P08,26,0.284
2026-04-03T01:32:16.638689,1359.9888558270338,82874,65,-7.543236943708018,-0.385047399831394,2.420682343081159,7.931480826122149,0.12488472792806604,True,walking_dual_task,P08,26,0.284
2026-04-03T01:32:16.695821,1281.3494824208692,82874,62,-7.40110888674821,-0.3165716474665438,2.2700573111913434,7.747889426003463,0.18359140011868558,True,walking_dual_task,P08,26,0.284
2026-04-03T01:32:16.755756,1356.2091134633602,82748,63,-7.571107867993861,-0.4826114155725806,2.455212945513588,7.973873508844809,0.22598408284134575,True,walking_dual_task,P08,26,0.284
2026-04-03T01:32:16.756107,1302.9470351812408,82748,62,-7.462563247820237,-0.3027893179688445,2.4281686278015093,7.85350459882929,0.12036891001551897,True,walking_dual_task,P08,26,0.284
2026-04-03T01:32:16.756850,1295.7769551286035,82659,64,-7.571660150760025,-0.4408324000520289,2.5824475743200304,8.012078763819934,0.15857416499064403,True,walking_dual_task,P08,26,0.284
2026-04-03T01:32:16.757412,1443.500938970643,82659,64,-7.543066294969484,-0.27274503268789585,2.472621344534681,7.942675575434834,0.06940318838509985,True,walking_dual_task,P08,26,0.284
2026-04-03T01:32:16.757926,1227.088667519755,82571,62,-7.410344453535801,-0.35031997622383276,2.4900762375350087,7.825369555140945,0.11730602029388937,True,walking_dual_task,P08,26,0.284
2026-04-03T01:32:16.815609,1408.3764578198911,82571,60,-7.506545180992291,-0.40272380709278227,2.351728099211815,7.876612982221503,0.05124342708055796,True,walking_dual_task,P08,26,0.284
2026-04-03T01:32:16.815788,1373.6790822426535,82632,62,-7.608663989403411,-0.36491603012066504,2.3225665283933266,7.9636202001034855,0.08700721788198251,True,walking_dual_task,P08,26,0.284
2026-04-03T01:32:16.875593,1281.0182410094765,82632,63,-10.198900454594835,-1.3061665413270278,4.39254191187375,11.181147792779793,3.2175275926763076,True,walking_dual_task,P08,26,0.284
2026-04-03T01:32:16.876045,1323.268229819131,82796,63,-10.158557489474031,-0.9577990253719857,4.940599152268095,11.336806835407609,0.15565904262781594,True,walking_dual_task,P08,26,0.284
2026-04-03T01:32:16.877028,1292.9274327254313,82796,65,-9.542327042241977,-0.839030031748835,5.420901348999696,11.006641095759672,0.3301657396479367,True,walking_dual_task,P08,26,0.284
2026-04-03T01:32:16.877287,1303.331364348032,82902,63,-9.603742463770928,-0.5954038359566889,5.658788276573429,11.162806985583586,0.15616588982391377,True,walking_dual_task,P08,26,0.284
2026-04-03T01:32:16.935557,1292.7421997328872,82902,61,-8.963238172990005,-0.9679275185607088,5.691157829093569,10.661416400393774,0.5013905851898119,True,walking_dual_task,P08,26,0.284
2026-04-03T01:32:16.995471,1328.1787663198463,82892,64,-8.975213885554364,-0.9849470880845292,5.468135191923429,10.555808236934087,0.10560816345968682,True,walking_dual_task,P08,26,0.284
2026-04-03T01:32:16.996048,1298.774581587041,82892,62,-9.008310072889335,-0.20739034113643567,4.8964083893528825,10.25511951360107,0.30068872333301755,True,walking_dual_task,P08,26,0.284
2026-04-03T01:32:16.996756,1443.5022095255363,82719,61,-9.27260160482123,-0.2477315658977417,4.4175134594198004,10.274090549271525,0.01897103567045555,True,walking_dual_task,P08,26,0.284
2026-04-03T01:32:16.997482,1293.7467852745385,82719,63,-9.214682824163607,-0.48835784435159413,4.479119403883441,10.257260041956657,0.016830507314868015,True,walking_dual_task,P08,26,0.284
2026-04-03T01:32:16.998067,1322.9805025503765,82681,64,-9.061251357966817,-0.9733958792603162,4.898607957386302,10.346503546135034,0.08924350417837701,True,walking_dual_task,P08,26,0.284
2026-04-03T01:32:17.055705,1341.5245272142222,82681,65,-8.844928645605613,-0.8769371094650088,4.7609065094175,10.083055699103596,0.2634478470314381,True,walking_dual_task,P08,26,0.284
2026-04-03T01:32:17.056323,1379.4908853862994,82632,63,-8.780858559569708,-0.8219467667412874,5.155544840378221,10.215611392945386,0.13255569384178933,True,walking_dual_task,P08,26,0.284
2026-04-03T01:32:17.175543,1223.6633941100847,82632,62,-8.368123918415144,-0.956798845363154,5.169160384908636,9.882367177420027,0.3332442155253581,True,walking_dual_task,P08,26,0.284
2026-04-03T01:32:17.235782,1329.723236184657,82595,62,-8.32094813712456,-0.9913288652538352,5.179753518244472,9.85143427778758,0.03093289963244672,True,walking_dual_task,P08,26,0.284
2026-04-03T01:32:17.235990,1237.950668208916,82595,64,-8.052785683068189,-0.6400302098257233,4.94932503092936,9.47379618678286,0.37763809100472123,True,walking_dual_task,P08,26,0.284
2026-04-03T01:32:17.236790,1390.057374846522,82608,63,-8.072704174812872,-0.889081858614214,4.771175113828877,9.419295685568963,0.05450050121389616,True,walking_dual_task,P08,26,0.284
2026-04-03T01:32:17.237336,1309.9272502958772,82608,63,-7.910198504093619,-0.7180690413450527,4.499620054111887,9.128715361630517,0.29058032393844613,True,walking_dual_task,P08,26,0.284
2026-04-03T01:32:17.238194,1233.6923020780707,82639,64,-7.839856680878616,-0.8292198313002129,4.080295961235892,8.876923647109766,0.2517917145207509,True,walking_dual_task,P08,26,0.284
2026-04-03T01:32:17.238907,1278.4323943354293,82639,61,-7.871144624722582,-0.8375045872185986,4.196647410629106,8.959251147615596,0.08232750050582993,True,walking_dual_task,P08,26,0.284
2026-04-03T01:32:17.295487,1348.3781082302382,82687,62,-7.680341698043856,-0.3535386997923038,4.254596719877252,8.787162878867802,0.17208826874779426,True,walking_dual_task,P08,26,0.284
2026-04-03T01:32:17.296090,1305.0938079603225,82687,65,-7.947424493997058,-0.5768961812879658,4.129348199220636,8.974735753334231,0.18757287446642934,True,walking_dual_task,P08,26,0.284
2026-04-03T01:32:17.296635,1234.6525018928141,82711,63,-7.6749096318159,-0.23221852977058088,4.422760848180772,8.86109343265886,0.11364232067537117,True,walking_dual_task,P08,26,0.284
2026-04-03T01:32:17.297229,1228.5896066056375,82711,62,-8.11051742094694,0.37469204873354667,4.632856380167853,9.347954065255665,0.48686063259680523,True,walking_dual_task,P08,26,0.284
2026-04-03T01:32:17.298034,1303.3223966828334,82732,62,-8.082162719608398,0.3321316260609849,4.481258381071537,9.2473424464103,0.10061161884536496,True,walking_dual_task,P08,26,0.284
2026-04-03T01:32:17.298670,1284.0783841366017,82732,64,-9.304108726566636,0.29953259587283837,4.7769133630955825,10.46303303303038,1.2156905866200791,True,walking_dual_task,P08,26,0.284
2026-04-03T01:32:17.355872,1312.5315757593282,82624,63,-9.4225192011058,0.26203004208244085,4.74760056420951,10.554252174144962,0.09121914111458196,True,walking_dual_task,P08,26,0.284
2026-04-03T01:32:17.356277,1249.9438424749446,82624,64,-10.477293110453076,0.33856678382031385,4.965168980551169,11.599189686994581,1.0449375128496197,True,walking_dual_task,P08,26,0.284
2026-04-03T01:32:17.356765,1395.710650660485,82417,62,-10.444688818672063,0.4283034531319323,4.977603018348034,11.578061157859091,0.021128529135490126,True,walking_dual_task,P08,26,0.284
2026-04-03T01:32:17.415762,1446.636817701255,82417,62,-10.842396147850865,0.1260686469961197,5.085360818276424,11.976407732819878,0.3983465749607866,True,walking_dual_task,P08,26,0.284
2026-04-03T01:32:17.415981,1361.182998823961,82351,64,-10.912217427272713,-0.3199512344865453,4.668658090967437,11.873298882066411,0.10310885075346654,True,walking_dual_task,P08,26,0.284
2026-04-03T01:32:17.416731,1284.2686565134698,82351,63,-10.999919693217333,-0.37940501808820337,4.878254461305131,12.039084185029376,0.16578530296296456,True,walking_dual_task,P08,26,0.284
2026-04-03T01:32:17.475735,1326.9330635271199,82349,63,-11.029258712627694,-0.37372997094939087,4.757286540352828,12.01732071088568,0.02176347414369495,True,walking_dual_task,P08,26,0.284
2026-04-03T01:32:17.476548,1314.7793026207744,82349,64,-11.21187052144694,-0.39109106591053416,4.5171648209758395,12.093955962851345,0.0766352519656639,True,walking_dual_task,P08,26,0.284
2026-04-03T01:32:17.477055,1339.4225120850724,82322,64,-11.272735588254413,-0.37638329927798236,4.400409294248921,12.107015899369474,0.013059936518128978,True,walking_dual_task,P08,26,0.284
2026-04-03T01:32:17.535496,1318.3852813870742,82322,63,-11.205354597609944,-0.35273629387887434,3.7851430698973427,11.832654081430318,0.2743618179391554,True,walking_dual_task,P08,26,0.284
2026-04-03T01:32:17.535998,1299.2810314370709,82328,62,-10.054958989598594,-0.13325489603020496,2.762474255377278,10.428385357352683,1.4042687240776353,True,walking_dual_task,P08,26,0.284
2026-04-03T01:32:17.536713,1355.2931782987837,82328,63,-10.00019634304521,-0.2062439102961144,2.8130147350022123,10.390356844176653,0.03802851317603029,True,walking_dual_task,P08,26,0.284
2026-04-03T01:32:17.595620,1347.3674538564317,82426,62,-9.26649503693784,0.18608504278909654,2.497624426337965,9.598993993527838,0.7913628506488148,True,walking_dual_task,P08,26,0.284
2026-04-03T01:32:17.655977,1352.7168187018444,82426,63,-9.023466273975554,0.25745859138338284,2.4538368235910335,9.354707033395686,0.24428696013215223,True,walking_dual_task,P08,26,0.284
2026-04-03T01:32:17.656306,1325.221675637305,82480,61,-9.202294670697265,0.28443830964931127,2.2957182800129745,9.488596038378132,0.13388900498244638,True,walking_dual_task,P08,26,0.284
2026-04-03T01:32:17.657116,1386.4622209248469,82480,61,-9.24496929600861,0.1711394852058299,2.4549315757591796,9.566892653792971,0.07829661541483901,True,walking_dual_task,P08,26,0.284
2026-04-03T01:32:17.657489,1280.4490212843261,82485,62,-9.145988709843715,0.2997117279815184,2.4236236909628257,9.466408421142342,0.10048423265062922,True,walking_dual_task,P08,26,0.284
2026-04-03T01:32:17.658103,1282.4028295980988,82485,63,-9.07786578308903,0.2085894947762126,2.3726656222892255,9.385131800262728,0.0812766208796134,True,walking_dual_task,P08,26,0.284
2026-04-03T01:32:17.716105,1313.8836193411423,82575,64,-9.191232581961161,0.2618026047343352,2.47137504818006,9.521291488465055,0.13615968820232638,True,walking_dual_task,P08,26,0.284
2026-04-03T01:32:17.716233,1227.5868024386089,82575,62,-9.125092730197997,0.28124386470191287,2.4571244164805033,9.454304619812579,0.06698686865247616,True,walking_dual_task,P08,26,0.284
2026-04-03T01:32:17.716800,1331.44599656279,82694,63,-9.181717517325472,0.11642380436851955,2.5621473997299353,9.53320986699275,0.07890524718017211,True,walking_dual_task,P08,26,0.284
2026-04-03T01:32:17.775513,1227.7293621758115,82694,62,-9.0534104674688,0.3985063965294212,2.6422918297568234,9.439531479588812,0.09367838740393886,True,walking_dual_task,P08,26,0.284
2026-04-03T01:32:17.775837,1256.9600539423354,82762,61,-8.953602700723664,0.07132396362521112,2.4071778183755943,9.271817161671857,0.16771431791695512,True,walking_dual_task,P08,26,0.284
2026-04-03T01:32:17.776914,1254.8080485740397,82762,62,-9.068909106773756,0.07974351419253409,2.468948930412744,9.399318072922416,0.12750091125055896,True,walking_dual_task,P08,26,0.284
2026-04-03T01:32:17.895466,1436.3724561081196,82767,62,-9.182264873406309,0.27324013420165116,2.3532888330931683,9.482964552727745,0.08364647980532958,True,walking_dual_task,P08,26,0.284
2026-04-03T01:32:17.895792,1264.5871034029205,82767,62,-7.935259648103278,0.5948722732237283,2.99537431202784,8.502616419280761,0.9803481334469843,True,walking_dual_task,P08,26,0.284
2026-04-03T01:32:17.896483,1308.655652583568,82752,63,-8.538657268367325,0.16224152137207773,3.5481779134510067,9.24794878680677,0.7453323675260091,True,walking_dual_task,P08,26,0.284
2026-04-03T01:32:17.897360,1372.618904708119,82752,64,-9.280500267335274,-1.0333285547069546,3.826113811699584,10.09131309662232,0.8433643098155503,True,walking_dual_task,P08,26,0.284
2026-04-03T01:32:17.897904,1384.599589989164,82681,64,-9.414935792985075,-0.816224334417036,3.891477982297362,10.220119325958537,0.12880622933621666,True,walking_dual_task,P08,26,0.284
2026-04-03T01:32:17.898809,1384.3944571111397,82681,61,-10.434179910182477,-1.4665335259835561,4.358678806756813,11.40267126253144,1.182551936572903,True,walking_dual_task,P08,26,0.284
2026-04-03T01:32:17.955673,1306.261745051938,82579,64,-10.497075061715785,-1.2886497457367836,4.277145767111149,11.408031334616844,0.0053600720854039,True,walking_dual_task,P08,26,0.284
2026-04-03T01:32:18.015749,1311.8844116777316,82579,61,-10.903525817334229,-1.3614879041458288,4.724007167467373,11.960634108637075,0.5526027740202313,True,walking_dual_task,P08,26,0.284
2026-04-03T01:32:18.016243,1289.5310724217507,82423,63,-10.677406871530295,-1.1040815497064964,4.569294481965618,11.666381856922312,0.294252251714763,True,walking_dual_task,P08,26,0.284
2026-04-03T01:32:18.016864,1282.7193431634441,82423,64,-10.619931800371397,-1.0269763171780146,4.82838052213597,11.711143849647062,0.04476199272474979,True,walking_dual_task,P08,26,0.284
2026-04-03T01:32:18.017451,1285.8133793819807,82271,62,-10.146815983486976,-0.8717431758092087,4.7904353371170805,11.254602680077904,0.45654116956915836,True,walking_dual_task,P08,26,0.284
2026-04-03T01:32:18.018057,1308.3604479861842,82271,62,-9.860075059949743,-0.819951402076909,4.680965302671055,10.945539578039135,0.30906310203876863,True,walking_dual_task,P08,26,0.284
2026-04-03T01:32:18.075652,1197.1838749885967,82291,63,-9.525077017475155,-0.7214528656479526,4.7832502303212845,10.683027154887029,0.2625124231521063,True,walking_dual_task,P08,26,0.284
2026-04-03T01:32:18.076547,1365.9849714250593,82291,63,-8.952105347356957,-0.6193789005790631,4.790343359958537,10.1720799190214,0.5109472358656291,True,walking_dual_task,P08,26,0.284
2026-04-03T01:32:18.077107,1376.6921078374196,82330,61,-8.803154672506297,-0.5297176354326587,4.913952099736625,10.0956950330259,0.07638488599550008,True,walking_dual_task,P08,26,0.284
2026-04-03T01:32:18.135593,1332.2444313692697,82330,64,-8.561524713954917,-0.6611636662972977,4.542604962808375,9.714530491455765,0.3811645415701346,True,walking_dual_task,P08,26,0.284
2026-04-03T01:32:18.195720,1246.7604631947274,82361,64,-8.398021422918397,-0.7075911330017605,4.6515879038125885,9.626251558015438,0.08827893344032667,True,walking_dual_task,P08,26,0.284
2026-04-03T01:32:18.195893,1346.0309279553571,82361,62,-8.351649826823149,-1.1261166930396718,4.666347552561539,9.632911974969709,0.006660416954270332,True,walking_dual_task,P08,26,0.284
2026-04-03T01:32:18.196859,1343.4710832394694,82397,63,-8.430441646209852,-0.9410696568408468,4.402980953853481,9.557415954596333,0.07549602037337522,True,walking_dual_task,P08,26,0.284
2026-04-03T01:32:18.197298,1350.2323548568804,82397,64,-9.022032978115535,-1.1891677187904695,5.005476802622909,10.385855619216631,0.8284396646202978,True,walking_dual_task,P08,26,0.284
2026-04-03T01:32:18.198050,1321.9152699166339,82371,63,-9.338266975605132,-1.153572892455135,5.536203367462483,10.917119961408671,0.5312643421920402,True,walking_dual_task,P08,26,0.284
2026-04-03T01:32:18.255419,1274.9550007773835,82371,62,-9.299151859814923,-1.1668488399166483,5.318627529753827,10.776064231776342,0.14105572963232937,True,walking_dual_task,P08,26,0.284
2026-04-03T01:32:18.256172,1287.837874117663,82252,63,-8.986820974217768,-1.1786963317197516,5.5038723830728475,10.604003370152329,0.17206086162401313,True,walking_dual_task,P08,26,0.284
2026-04-03T01:32:18.256865,1301.732432653235,82252,62,-9.02699685874554,-0.8247309035995374,5.446728072692936,10.575145391388965,0.028857978763364045,True,walking_dual_task,P08,26,0.284
2026-04-03T01:32:18.315673,1249.1277992478083,82219,64,-8.3916049171817,-0.5018479211194741,5.194814044358483,9.882154490669743,0.6929909007192219,True,walking_dual_task,P08,26,0.284
2026-04-03T01:32:18.316053,1378.615797888024,82219,63,-7.71038792217908,0.0356062752472196,4.639970325065344,8.998926287886183,0.8832282027835596,True,walking_dual_task,P08,26,0.284
2026-04-03T01:32:18.316841,1354.5768583923173,82283,62,-7.577339772282891,-0.04010803787244327,4.883284742715795,9.014663418994799,0.015737131108615188,True,walking_dual_task,P08,26,0.284
2026-04-03T01:32:18.375465,1302.68547723953,82283,63,-7.300309805003625,0.15269461989652885,4.697704829624571,8.682526680768417,0.33213673822638157,True,walking_dual_task,P08,26,0.284
2026-04-03T01:32:18.376185,1201.1486961529943,82353,63,-7.3708843663903805,0.09908308620703637,4.833414583833133,8.814853960212911,0.1323272794444943,True,walking_dual_task,P08,26,0.284
2026-04-03T01:32:18.377039,1296.7609155620858,82353,64,-7.5411328596963925,0.13482224546026933,4.76187526356151,8.919771178185158,0.10491721797224685,True,walking_dual_task,P08,26,0.284
2026-04-03T01:32:18.435526,1258.3693848231626,82394,62,-7.516361232818428,-0.033376428826285165,4.76548356933931,8.899810886634608,0.019960291550550124,True,walking_dual_task,P08,26,0.284
2026-04-03T01:32:18.436059,1405.98978589422,82394,62,-7.792090398496165,-0.2232329222123946,4.762483805278436,9.134974423140712,0.23516353650610355,True,walking_dual_task,P08,26,0.284
2026-04-03T01:32:18.436711,1304.1799834883489,82402,63,-8.454425204958012,-0.37011208817801394,5.007344210498813,9.83299468862161,0.6980202654808991,True,walking_dual_task,P08,26,0.284
2026-04-03T01:32:18.495714,1272.8899992321553,82402,63,-8.641452398405463,-0.3965774145678232,5.105037574645507,10.044569768695686,0.21157508007407522,True,walking_dual_task,P08,26,0.284
2026-04-03T01:32:18.496201,1333.6069569382905,82355,63,-8.65959936542317,-0.2642901485008464,5.070822393903376,10.038513346245248,0.006056422450438248,True,walking_dual_task,P08,26,0.284
2026-04-03T01:32:18.496592,1300.1013388653182,82355,63,-9.598157219462559,-0.5382043222848164,5.113703631542515,10.888721262540354,0.8502079162951066,True,walking_dual_task,P08,26,0.284
2026-04-03T01:32:18.555679,1363.5156822993315,82250,61,-10.427672147851021,-0.3452697359889634,4.903550162674583,11.528241921972482,0.6395206594321277,True,walking_dual_task,P08,26,0.284
2026-04-03T01:32:18.615609,1310.629188469445,82250,63,-10.555114258811852,-0.3507779480994197,5.137015467660556,11.744037214707296,0.21579529273481413,True,walking_dual_task,P08,26,0.284
2026-04-03T01:32:18.675650,1329.6956929785122,82145,64,-10.730458377485812,-0.09792189455862911,4.930352628072639,11.809348107560051,0.06531089285275549,True,walking_dual_task,P08,26,0.284
2026-04-03T01:32:18.675938,1337.7141132949575,82145,65,-10.817133878823347,-0.12758609511525443,5.2785340636846465,12.037008990008012,0.22766088244796023,True,walking_dual_task,P08,26,0.284
2026-04-03T01:32:18.677112,1375.547342407006,82110,63,-10.795027247868914,-0.24875198930872733,5.200763868848452,11.98509222550819,0.051916764499821966,True,walking_dual_task,P08,26,0.284
2026-04-03T01:32:18.677199,1330.6919809862268,82110,62,-11.011039025408252,-0.19236801871466858,4.942597509518677,12.071008906250874,0.08591668074268455,True,walking_dual_task,P08,26,0.284
2026-04-03T01:32:18.678017,1321.2837762746656,82031,63,-10.806729536500244,-0.11917527742325779,5.041867310916353,11.925604051900374,0.14540485435050066,True,walking_dual_task,P08,26,0.284
2026-04-03T01:32:18.678725,1354.7423947430375,82031,62,-10.815646169150364,-0.07366954659649098,4.929606191534699,11.886321822244673,0.03928222965570072,True,walking_dual_task,P08,26,0.284
2026-04-03T01:32:18.735573,1277.7152385574323,81977,63,-10.684458201045537,-0.08551577070377159,5.170273437166086,11.869991045152203,0.016330777092470328,True,walking_dual_task,P08,26,0.284
2026-04-03T01:32:18.736022,1292.8412636616138,81977,64,-10.779638364024501,-0.19909697922527875,5.0956816055207135,11.92502469142633,0.055033646274127435,True,walking_dual_task,P08,26,0.284
2026-04-03T01:32:18.736620,1367.6223198515047,81982,62,-10.966661790299685,0.011848992796316682,5.08861935449623,12.089741856483249,0.1647171650569188,True,walking_dual_task,P08,26,0.284
2026-04-03T01:32:18.737235,1333.1468525834332,81982,63,-10.715726743482191,-0.05671718272507908,4.857916000388292,11.765600891863718,0.3241409646195308,True,walking_dual_task,P08,26,0.284
2026-04-03T01:32:18.795692,1349.4661626277123,82006,63,-10.756128205328949,-0.09767550461389543,5.0594128836462335,11.887030461847065,0.12142956998334675,True,walking_dual_task,P08,26,0.284
2026-04-03T01:32:18.796310,1300.4880560863276,82006,62,-10.78458232041061,-0.16456037395147133,5.1439420395316064,11.949662574669158,0.06263211282209369,True,walking_dual_task,P08,26,0.284
2026-04-03T01:32:18.915602,1309.8723499437874,82093,61,-10.690651916237885,-0.042528168817787065,5.101488907759014,11.845549211213974,0.10411336345518407,True,walking_dual_task,P08,26,0.284
2026-04-03T01:32:18.916261,1311.5971972236403,82093,62,-8.064743476149625,0.09371844141542318,3.246025886828025,8.693995315176846,3.1515538960371288,True,walking_dual_task,P08,26,0.284
2026-04-03T01:32:18.916780,1346.2098129711983,82189,62,-7.499478229562709,-0.06917346741937115,3.2259704114988503,8.164180533289665,0.5298147818871808,True,walking_dual_task,P08,26,0.284
2026-04-03T01:32:18.917781,1286.0300772937912,82189,63,-7.509863681477489,0.005145458546973278,3.2358180281552498,8.177322135115677,0.013141601826012206,True,walking_dual_task,P08,26,0.284
2026-04-03T01:32:18.918230,1419.5009634353407,82221,61,-7.494697817033823,-0.16305938301777717,3.2100177209705962,8.154832769590493,0.022489365525183658,True,walking_dual_task,P08,26,0.284
2026-04-03T01:32:18.918700,1355.5347728811994,82221,62,-7.544907195659509,-0.24563665569562235,3.435248157239091,8.293786340360509,0.13895357077001513,True,walking_dual_task,P08,26,0.284
2026-04-03T01:32:18.975627,1349.6662815191382,82224,63,-7.665454994789176,-0.37158607682581707,3.319615549316848,8.361646003323468,0.06785966296295953,True,walking_dual_task,P08,26,0.284
2026-04-03T01:32:18.975934,1244.336176010462,82224,62,-7.960782563337102,-0.3856738207481777,3.4927667497786747,8.701851692892843,0.340205689569375,True,walking_dual_task,P08,26,0.284
2026-04-03T01:32:18.976792,1300.8989456510892,82264,62,-7.5595615153948295,-0.15260387543198076,3.4082170064963258,8.293744715820846,0.4081069770719967,True,walking_dual_task,P08,26,0.284
2026-04-03T01:32:18.977319,1228.6081312376828,82264,62,-7.864834843071613,-0.06511532548876217,3.2723654861248512,8.518699606699835,0.22495489087898868,True,walking_dual_task,P08,26,0.284
2026-04-03T01:32:19.035564,1326.427490477583,82337,62,-8.123524866303896,-0.20181958359906602,3.3448624900624475,8.787519130858755,0.2688195241589195,True,walking_dual_task,P08,26,0.284
2026-04-03T01:32:19.036144,1264.02814182564,82337,65,-7.746713055344522,-0.4169642997600875,3.1951251041778375,8.390127938265728,0.3973911925930267,True,walking_dual_task,P08,26,0.284
2026-04-03T01:32:19.036772,1378.1933821765772,82377,63,-8.758227514040186,-0.22747643098720202,3.634435279886912,9.485115419331063,1.0949874810653348,True,walking_dual_task,P08,26,0.284
2026-04-03T01:32:19.095598,1379.5972898607963,82377,62,-8.631499349661519,-0.19601738073930658,3.816813948155504,9.439770789144912,0.045344630186150425,True,walking_dual_task,P08,26,0.284
2026-04-03T01:32:19.096067,1409.705526516563,82318,61,-9.625381273788408,-0.35029970007411276,4.3551762744972855,10.570630772456894,1.1308599833119821,True,walking_dual_task,P08,26,0.284
2026-04-03T01:32:19.096810,1317.50538813406,82318,64,-10.751915590802918,-1.114552668442744,4.855290483132976,11.8498844803688,1.2792537079119057,True,walking_dual_task,P08,26,0.284
2026-04-03T01:32:19.155612,1202.095218743763,82232,62,-10.771055969723562,-1.1209619001841493,4.970653945585916,11.915519415088495,0.06563493471969473,True,walking_dual_task,P08,26,0.284
2026-04-03T01:32:19.156180,1343.9852107696192,82232,61,-10.995300794938158,-1.8670728295985144,5.317338680676482,12.355431646333164,0.43991223124466927,True,walking_dual_task,P08,26,0.284
2026-04-03T01:32:19.156711,1284.3213105845782,82162,64,-11.084114727587536,-1.7098950273318878,5.19729279339245,12.360954359557613,0.005522713224449305,True,walking_dual_task,P08,26,0.284
2026-04-03T01:32:19.215724,1333.1587017744405,82162,62,-10.515078830601471,-1.6478442041055454,5.478652195204057,11.970710221652752,0.3902441379048618,True,walking_dual_task,P08,26,0.284
2026-04-03T01:32:19.216091,1331.0231675228215,82148,62,-8.863695560893941,-0.8743170706394573,5.712456526677005,10.58119506036049,1.3895151612922625,True,walking_dual_task,P08,26,0.284
2026-04-03T01:32:19.216781,1316.0228197278589,82148,63,-8.889653400388427,-0.7707264262554926,5.681195996170926,10.578087953409852,0.003107106950636762,True,walking_dual_task,P08,26,0.284
2026-04-03T01:32:19.275974,1242.4295493980999,82255,63,-8.082421013537202,-0.6230034403131948,5.368012588601604,9.722613942664548,0.8554740107453043,True,walking_dual_task,P08,26,0.284
2026-04-03T01:32:19.276556,1203.8041409724744,82255,65,-8.200122149954895,-0.48327628839645576,5.429544902915436,9.846599265628827,0.12398532296427867,True,walking_dual_task,P08,26,0.284
2026-04-03T01:32:19.277059,1420.0549737077156,82383,63,-8.381339659332577,-0.6663295021083663,4.965540151944159,9.764601297085854,0.08199796854297325,True,walking_dual_task,P08,26,0.284
2026-04-03T01:32:19.335522,1263.7301735219182,82383,62,-8.566181323461398,-1.5462849576292514,4.690091841210337,9.887740951076598,0.12313965399074434,True,walking_dual_task,P08,26,0.284
2026-04-03T01:32:19.336088,1308.6862343952753,82339,63,-8.440879660157602,-1.5957486643876544,4.683059070229689,9.78396164610317,0.10377930497342724,True,walking_dual_task,P08,26,0.284
2026-04-03T01:32:19.336656,1453.6557372048983,82339,61,-8.794618961227746,-2.149469727183475,5.262946366690699,10.472065089557438,0.688103443454267,True,walking_dual_task,P08,26,0.284
2026-04-03T01:32:19.395524,1289.5289486158213,82255,63,-8.961849486665145,-2.262037950673607,5.163702222064134,10.587510687129342,0.1154455975719042,True,walking_dual_task,P08,26,0.284
2026-04-03T01:32:19.395965,1276.3742064809499,82255,64,-8.819657541318305,-2.53766219181128,5.298629310281131,10.597243090240573,0.009732403111231136,True,walking_dual_task,P08,26,0.284
2026-04-03T01:32:19.396620,1357.4638421416353,82254,62,-8.592695027440612,-2.5621376619908425,5.384440434561768,10.459022708978992,0.13822038126158098,True,walking_dual_task,P08,26,0.284
2026-04-03T01:32:19.455730,1395.5443678317502,82254,62,-8.730351823268768,-2.404504635770719,5.232768441314059,10.458611335254195,0.0004113737247966043,True,walking_dual_task,P08,26,0.284
2026-04-03T01:32:19.456163,1250.3176696350538,82285,63,-8.604415423284971,-2.528781315402347,5.300073701457563,10.417364395972447,0.041246939281748496,True,walking_dual_task,P08,26,0.284
2026-04-03T01:32:19.456716,1322.271385934599,82285,62,-8.34918563063437,-2.3089204336667386,4.88728876734983,9.946135217221766,0.47122917875068104,True,walking_dual_task,P08,26,0.284
2026-04-03T01:32:19.516047,1332.4510821186434,82305,64,-8.262043436719978,-2.1454666015020103,4.981113338617791,9.883110784594308,0.06302443262745783,True,walking_dual_task,P08,26,0.284
2026-04-03T01:32:19.635783,1388.1181430562888,82305,63,-7.967736273880138,-2.1116156874123173,4.658204318324011,9.467978116402868,0.4151326681914398,True,walking_dual_task,P08,26,0.284
2026-04-03T01:32:19.636116,1291.0693416582421,82336,64,-7.880106927852656,-2.2598930431352366,4.3426432100669725,9.276947332541196,0.19103078386167205,True,walking_dual_task,P08,26,0.284
2026-04-03T01:32:19.636705,1267.4146064611002,82336,64,-7.842779631423454,-2.22838080265674,4.468258015877031,9.297322358892858,0.020375026351661774,True,walking_dual_task,P08,26,0.284
2026-04-03T01:32:19.637333,1245.8243238520797,82359,62,-7.3480645530322795,-2.2922806711203645,4.231973549543358,8.78397424146702,0.5133481174258385,True,walking_dual_task,P08,26,0.284
2026-04-03T01:32:19.638073,1316.4147179473002,82359,63,-7.464402663816866,-2.3078826469546603,4.555383141761485,9.044066840086682,0.2600925986196625,True,walking_dual_task,P08,26,0.284
2026-04-03T01:32:19.639089,1337.7696477774298,82355,63,-7.390180329827867,-2.1444561529213444,4.497455269062244,8.912943475440237,0.13112336464644514,True,walking_dual_task,P08,26,0.284
2026-04-03T01:32:19.695823,1335.8656037483554,82355,63,-7.492708478535176,-2.145449578858512,4.388400934227087,8.944366774638787,0.03142329919855058,True,walking_dual_task,P08,26,0.284
2026-04-03T01:32:19.695953,1316.6451463655976,82338,63,-7.487117978839841,-2.2161514837670486,4.371318030865153,8.948557668978642,0.004190894339854978,True,walking_dual_task,P08,26,0.284
2026-04-03T01:32:19.696697,1318.8483323033083,82338,65,-7.350872459340108,-2.074454641627979,4.398723221425386,8.814048669729688,0.1345089992489541,True,walking_dual_task,P08,26,0.284
2026-04-03T01:32:19.697577,1200.9206563498694,82325,63,-7.382102712296864,-2.265699115385938,4.468826404206516,8.921840749940266,0.10779208021057762,True,walking_dual_task,P08,26,0.284
2026-04-03T01:32:19.697880,1304.045935857592,82325,64,-7.449514413250958,-2.316794575552352,4.386266520971193,8.949979669895082,0.028138919954816544,True,walking_dual_task,P08,26,0.284
2026-04-03T01:32:19.755586,1283.0608551407058,82290,62,-7.339675721878897,-2.133550496892107,4.458389356726779,8.848735111941236,0.10124455795384613,True,walking_dual_task,P08,26,0.284
2026-04-03T01:32:19.756116,1348.5256176581101,82290,65,-7.340124540845474,-2.1370734966673797,4.347765393183793,8.794747029872248,0.05398808206898842,True,walking_dual_task,P08,26,0.284
2026-04-03T01:32:19.756836,1261.7528369294596,82229,62,-7.3233715420698235,-2.1309283874929945,4.379311872951257,8.794941672142771,0.00019464227052345962,True,walking_dual_task,P08,26,0.284
2026-04-03T01:32:19.815661,1373.8863641221337,82229,63,-7.310323262393527,-2.1823337300613685,4.518566032193923,8.866839667962438,0.0718979958196666,True,walking_dual_task,P08,26,0.284
2026-04-03T01:32:19.875777,1331.4762411055106,82126,62,-7.384438282634759,-2.118706928522231,4.3580059513585425,8.83238720115272,0.03445246680971792,True,walking_dual_task,P08,26,0.284
2026-04-03T01:32:19.876381,1330.2109467058726,82126,63,-9.934658324775631,-1.2113799802302079,5.949287229853788,11.64297625308227,2.8105890519295507,True,walking_dual_task,P08,26,0.284
2026-04-03T01:32:19.935758,1324.5025735662641,82068,63,-9.354599975464078,-0.7898987223369229,5.8815784235391435,11.078151716091599,0.5648245369906721,True,walking_dual_task,P08,26,0.284
2026-04-03T01:32:19.936184,1318.1659875035525,82068,62,-9.202740445234861,-0.6088914069089697,5.409147774987843,10.69205593417024,0.38609578192135885,True,walking_dual_task,P08,26,0.284
2026-04-03T01:32:19.936804,1376.0850284694259,82083,61,-9.287883791708126,-0.5396109537184238,5.421881352784997,10.768136454991879,0.0760805208216393,True,walking_dual_task,P08,26,0.284
2026-04-03T01:32:19.937418,1323.181186131407,82083,62,-9.445465754789987,-0.7185475658295447,4.80051211457587,10.6197010547124,0.14843540027947988,True,walking_dual_task,P08,26,0.284
2026-04-03T01:32:19.938026,1318.9743108925984,82083,63,-9.629517613267423,-0.6647856983420054,4.851967461923057,10.803292911909205,0.18359185719680582,True,walking_dual_task,P08,26,0.284
2026-04-03T01:32:19.938814,1355.5096266474716,82083,63,-9.684817314482196,-0.5935524127340871,4.269955911108202,10.600967614532385,0.20232529737682015,True,walking_dual_task,P08,26,0.284
2026-04-03T01:32:19.995593,1306.6217195016063,82048,63,-9.654293306003577,-0.4536584210385248,4.453867916768008,10.641810213555777,0.04084259902339227,True,walking_dual_task,P08,26,0.284
2026-04-03T01:32:20.055736,1352.1680375051692,82048,62,-9.271400693281128,-0.08127162182945372,4.0912550940222,10.134290509761952,0.5075197037938253,True,walking_dual_task,P08,26,0.284
2026-04-03T01:32:20.056228,1242.2228108893971,81950,63,-8.91215636928182,0.10283558618237967,4.128261431514927,9.822405446490674,0.3118850632712782,True,walking_dual_task,P08,26,0.284
2026-04-03T01:32:20.056764,1414.9673109298656,81950,64,-9.107372539278371,0.2182777343155383,4.192404682858613,10.028366604953895,0.2059611584632215,True,walking_dual_task,P08,26,0.284
2026-04-03T01:32:20.057307,1338.585695371352,81891,63,-8.867934531658587,0.17283939045713614,3.965701827549158,9.715808113466585,0.3125584914873105,True,walking_dual_task,P08,26,0.284
2026-04-03T01:32:20.058040,1382.3431782901598,81891,63,-8.898510016943536,0.16841504877624608,4.00568598628513,9.759987928835764,0.04417981536917992,True,walking_dual_task,P08,26,0.284
2026-04-03T01:32:20.115710,1363.7552316168637,81890,62,-8.750577156673378,-0.07470858594403393,4.27545783784961,9.739492885717272,0.020495043118492262,True,walking_dual_task,P08,26,0.284
2026-04-03T01:32:20.116041,1290.5879624103354,81890,62,-8.197164091116276,-0.5669817640530525,4.336907436339352,9.29105664436669,0.44843624135058135,True,walking_dual_task,P08,26,0.284
2026-04-03T01:32:20.116933,1309.0091930700205,81925,62,-8.112474894920279,-0.497997428715834,4.5092619736250565,9.29482081088712,0.003764166520429768,True,walking_dual_task,P08,26,0.284
2026-04-03T01:32:20.175630,1326.0899753453689,81925,62,-7.520070587578063,-0.7866522710991068,4.195253358718535,8.646989891379611,0.6478309195075092,True,walking_dual_task,P08,26,0.284
2026-04-03T01:32:20.176000,1327.172754228964,81983,62,-7.8379555505008796,-0.6888084246716033,3.9721284308372966,8.81395532826166,0.16696543688204812,True,walking_dual_task,P08,26,0.284
2026-04-03T01:32:20.177034,1402.349726861871,81983,63,-7.518796665229858,-0.3071341284239224,3.5426786778668857,8.31728362390793,0.4966717043537301,True,walking_dual_task,P08,26,0.284
2026-04-03T01:32:20.235826,1431.8278484407488,82077,63,-7.4323106119935725,-0.21604049892981245,3.1187941997968505,8.063051022473848,0.2542326014340812,True,walking_dual_task,P08,26,0.284
2026-04-03T01:32:20.236143,1358.3694651255182,82077,63,-7.313038743700831,-0.03416361264621827,3.2091183983438425,7.98624716083139,0.07680386164245867,True,walking_dual_task,P08,26,0.284
2026-04-03T01:32:20.236676,1441.8448904134584,82175,64,-7.3985606997678754,-0.4465354894579545,2.839999464681276,7.937486461776492,0.048760699054897216,True,walking_dual_task,P08,26,0.284
2026-04-03T01:32:20.295567,1353.3954394361044,82175,64,-7.320053422471209,-0.34915879733228417,2.8771538186335666,7.872935162292695,0.06455129948379756,True,walking_dual_task,P08,26,0.284
2026-04-03T01:32:20.296004,1308.5921196977558,82254,62,-7.814013246390892,-0.7018031301224512,2.9664750940561846,8.387568487462719,0.5146333251700241,True,walking_dual_task,P08,26,0.284
2026-04-03T01:32:20.296796,1437.373120582468,82254,64,-8.619979310234704,-1.1029248674062415,3.08574368503787,9.22183824743031,0.8342697599675919,True,walking_dual_task,P08,26,0.284
2026-04-03T01:32:20.355800,1265.7099185678298,82302,63,-8.542688110120698,-1.1670387854582664,3.1356314439481014,9.174512751412879,0.0473254960174323,True,walking_dual_task,P08,26,0.284
2026-04-03T01:32:20.356210,1318.8687435127101,82302,63,-9.771967354996384,-1.7268339162470572,3.3283274504020373,10.46666446288004,1.2921517114671612,True,walking_dual_task,P08,26,0.284
2026-04-03T01:32:20.356831,1370.638133025,82310,62,-9.884673080149806,-1.910917928363537,3.4366592234737965,10.638091739060487,0.17142727618044695,True,walking_dual_task,P08,26,0.284
2026-04-03T01:32:20.415750,1316.9289708800968,82310,62,-10.665291878358328,-2.322223554746895,3.110754173872964,11.3498002017245,0.7117084626640136,True,walking_dual_task,P08,26,0.284
2026-04-03T01:32:20.416014,1396.99591671131,82281,63,-10.754226494014459,-2.3401941621249622,3.1058964273054372,11.435754842517172,0.08595464079267146,True,walking_dual_task,P08,26,0.284
2026-04-03T01:32:20.416689,1294.2508247276292,82281,63,-11.047475007416843,-1.5062845615950151,3.460762545939429,11.674436800950033,0.23868195843286166,True,walking_dual_task,P08,26,0.284
2026-04-03T01:32:20.475743,1303.4919795839087,82231,63,-11.043041110317557,-0.7810389350430605,4.630632805862587,12.000064123368158,0.325627322418125,True,walking_dual_task,P08,26,0.284
2026-04-03T01:32:20.476144,1298.1237700186002,82231,62,-10.945380930549502,-0.791305689069147,4.401363596638455,11.82368512428355,0.17637899908460852,True,walking_dual_task,P08,26,0.284
2026-04-03T01:32:20.476775,1375.7918785466504,82196,64,-10.899949339404124,-0.7596233434475886,5.728076767480821,12.336806178247286,0.5131210539637365,True,walking_dual_task,P08,26,0.284
2026-04-03T01:32:20.535633,1271.9267776581817,82196,61,-11.06722722398587,-0.822872667171233,5.676271153980454,12.46517918311735,0.1283730048700633,True,walking_dual_task,P08,26,0.284
2026-04-03T01:32:20.536280,1267.5859323480179,82186,62,-10.349690120319924,-1.032142039808897,5.67217140088088,11.847148651804774,0.6180305313125753,True,walking_dual_task,P08,26,0.284
2026-04-03T01:32:20.536648,1329.4530784029912,82186,63,-10.41003741316043,-1.2125642442460678,5.6993974705529835,11.929891974245603,0.08274332244082849,True,walking_dual_task,P08,26,0.284
2026-04-03T01:32:20.655807,1336.7846003251645,82223,63,-9.729971883560141,-1.0069713788298615,5.215459385515411,11.085457176617219,0.8444347976283844,True,walking_dual_task,P08,26,0.284
2026-04-03T01:32:20.656228,1392.0894749152299,82223,63,-9.700368349099094,-0.9329019755837958,5.188773961822594,11.04041790110953,0.045039275507688714,True,walking_dual_task,P08,26,0.284
2026-04-03T01:32:20.657198,1293.6439415117609,82248,61,-9.650714257245319,-0.9685026882509362,5.090537067119797,10.953896601843017,0.0865212992665132,True,walking_dual_task,P08,26,0.284
2026-04-03T01:32:20.715595,1321.5976448530687,82248,64,-9.56617675549646,-1.07242650012392,5.223515042774631,10.95202929678613,0.0018673050568871474,True,walking_dual_task,P08,26,0.284
2026-04-03T01:32:20.716059,1364.7616657614362,82207,63,-9.91757748161977,-1.0092994463861822,5.237919488005709,11.26112023908976,0.3090909423036301,True,walking_dual_task,P08,26,0.284
2026-04-03T01:32:20.716664,1361.2172548641108,82207,62,-9.647696234740307,-0.8600209834940225,5.104882196508146,10.948858432279511,0.3122618068102483,True,walking_dual_task,P08,26,0.284
2026-04-03T01:32:20.717471,1323.2057315928307,82153,63,-9.634304932964655,-0.9410622275231453,5.205539263754323,10.991044931393276,0.0421864991137646,True,walking_dual_task,P08,26,0.284
2026-04-03T01:32:20.718239,1247.9990081030967,82153,62,-9.609178223609952,-1.0855318561956764,5.324074035899596,11.039042072736908,0.04799714134363242,True,walking_dual_task,P08,26,0.284
2026-04-03T01:32:20.718723,1380.6795306029057,82194,63,-9.768859103669616,-0.7446246423871206,5.032681676523485,11.014216218261476,0.024825854475432507,True,walking_dual_task,P08,26,0.284
2026-04-03T01:32:20.775774,1285.5906645013383,82194,65,-9.546368102995762,-1.0061608758856102,5.246296741790585,10.939338790300825,0.07487742796065078,True,walking_dual_task,P08,26,0.284
2026-04-03T01:32:20.776226,1205.1667320065362,82184,64,-9.518478328367182,-1.0447524903426602,5.37964424618888,10.983328715340628,0.04398992503980281,True,walking_dual_task,P08,26,0.284
2026-04-03T01:32:20.776914,1279.6103091067528,82184,62,-9.8263600300178,-1.0865052316992765,5.354348713546884,11.243082104312077,0.25975338897144873,True,walking_dual_task,P08,26,0.284
2026-04-03T01:32:20.835577,1247.1621137559448,82163,62,-9.505544129129712,-1.0600736938704312,5.214559044533526,10.893610579426586,0.34947152488549094,True,walking_dual_task,P08,26,0.284
2026-04-03T01:32:20.836018,1251.4563813198936,82163,63,-7.540627920510044,-1.5751933246177505,4.5218966285109214,8.93251658629495,1.9610939931316356,True,walking_dual_task,P08,26,0.284
2026-04-03T01:32:20.895603,1359.449521679962,82188,61,-7.204505925897347,-1.02618119561596,4.619142042820388,8.619421482575076,0.31309510371987415,True,walking_dual_task,P08,26,0.284
2026-04-03T01:32:20.896208,1404.9421999841734,82188,61,-7.067081252902584,-1.0001810938972935,4.552219640163037,8.465618896926724,0.1538025856483518,True,walking_dual_task,P08,26,0.284
2026-04-03T01:32:20.896819,1369.351945269107,82201,63,-7.612713240375169,-0.5088511479548532,4.873272113998941,9.05323773398435,0.5876188370576259,True,walking_dual_task,P08,26,0.284
2026-04-03T01:32:20.955676,1276.060896831195,82201,62,-7.95279209247678,-0.3119026382412065,4.915053861750266,9.354247152273091,0.30100941828874106,True,walking_dual_task,P08,26,0.284
2026-04-03T01:32:20.956042,1385.1145296401644,82192,61,-7.8015978493165115,-0.23501622994698354,4.95525788120566,9.24525512357822,0.10899202869487112,True,walking_dual_task,P08,26,0.284
2026-04-03T01:32:20.957103,1300.22477956352,82192,60,-8.5827426468023,-0.8649619744014327,5.453719098562182,10.205620145999031,0.9603650224208113,True,walking_dual_task,P08,26,0.284
2026-04-03T01:32:21.015890,1309.5577615651978,82154,63,-8.722496215045496,-0.5733755764018895,5.3623151022565745,10.25500477956915,0.04938463357011891,True,walking_dual_task,P08,26,0.284
2026-04-03T01:32:21.075597,1254.7770121975773,82154,62,-8.753776810456694,-0.9626953619468049,5.235065630684858,10.245062369980044,0.009942409589106305,True,walking_dual_task,P08,26,0.284
2026-04-03T01:32:21.135718,1383.4581891927062,82107,60,-9.190980007108386,-0.8055184064369704,4.993376528040256,10.490795134066731,0.24573276408668754,True,walking_dual_task,P08,26,0.284
2026-04-03T01:32:21.195997,1333.8743618297037,82107,62,-8.924905166689888,-0.7888909271987966,5.115148055510845,10.317025770987529,0.17376936307920232,True,walking_dual_task,P08,26,0.284
2026-04-03T01:32:21.256027,1273.6665315413134,82081,61,-9.546767055642926,-0.6789635235586382,5.005132434919167,10.800606620561279,0.4835808495737499,True,walking_dual_task,P08,26,0.284
2026-04-03T01:32:21.256137,1200.954089841498,82081,64,-9.8169051303797,-0.8754744329995873,5.214459141342437,11.15027649695024,0.34966987638896185,True,walking_dual_task,P08,26,0.284
2026-04-03T01:32:21.256852,1377.4940757049628,82030,62,-10.329160305967404,-1.1419807863790983,5.139752303346231,11.593650265666312,0.4433737687160715,True,walking_dual_task,P08,26,0.284
2026-04-03T01:32:21.257455,1318.8518776980054,82030,62,-10.110717325182604,-1.0205051304683912,4.747515523958755,11.216369252181801,0.37728101348451126,True,walking_dual_task,P08,26,0.284
2026-04-03T01:32:21.258171,1273.7890111603263,81974,63,-10.091055956330537,-1.0141474018486334,4.941745052936581,11.28178839700043,0.06541914481862854,True,walking_dual_task,P08,26,0.284
2026-04-03T01:32:21.258821,1370.6403399158537,81974,63,-9.970425636137485,-0.795271844382734,4.7741591505741425,11.083069983863961,0.19871841313646854,True,walking_dual_task,P08,26,0.284
2026-04-03T01:32:21.375610,1320.5078582718888,81981,62,-9.849113391424021,-0.6203665826829349,4.644863712338223,10.907091647191479,0.17597833667248253,True,walking_dual_task,P08,26,0.284
2026-04-03T01:32:21.375795,1243.9381091450955,81981,61,-9.828789393019688,-0.1763362265189201,4.566875806598883,10.839398047401778,0.0676935997897008,True,walking_dual_task,P08,26,0.284
2026-04-03T01:32:21.376730,1315.8106290622159,82004,61,-9.76978792167822,0.3116829033128893,3.876523264934425,10.515385627278015,0.3240124201237631,True,walking_dual_task,P08,26,0.284
2026-04-03T01:32:21.377226,1306.4529470853681,82004,61,-9.574619190213383,0.19823795238488745,3.900153370114488,10.340397827636204,0.17498779964181033,True,walking_dual_task,P08,26,0.284
2026-04-03T01:32:21.378013,1244.2546236223116,82044,63,-9.29174269714776,-0.22278206706744433,3.471849030363976,9.921685839062071,0.41871198857413283,True,walking_dual_task,P08,26,0.284
2026-04-03T01:32:21.378780,1437.0562714996186,82044,63,-9.361083800565261,-0.232831322823564,3.5883233224064597,10.027969117035575,0.10628327797350323,True,walking_dual_task,P08,26,0.284
2026-04-03T01:32:21.435845,1366.530995823381,82106,61,-8.872914746340095,-0.19412936628930902,2.9770756239122558,9.361051307260738,0.6669178097748372,True,walking_dual_task,P08,26,0.284
2026-04-03T01:32:21.436237,1409.9206178307682,82106,64,-8.61480915895457,-0.19721440104785998,2.8751087311935084,9.084056394660557,0.2769949126001805,True,walking_dual_task,P08,26,0.284
2026-04-03T01:32:21.436909,1378.7582149820498,82074,63,-8.480425466073145,-0.18973076542294154,2.531814407403421,8.8523272670245,0.2317291276360578,True,walking_dual_task,P08,26,0.284
2026-04-03T01:32:21.437550,1390.9861249380745,82074,62,-8.353065165811342,-0.31253295963480626,2.5846317332756903,8.749382590320568,0.10294467670393104,True,walking_dual_task,P08,26,0.284
2026-04-03T01:32:21.438062,1369.0529447771717,82060,60,-8.31543959468418,-0.2608918456993631,2.5383294769981686,8.698144442453897,0.05123814786667147,True,walking_dual_task,P08,26,0.284
2026-04-03T01:32:21.438992,1272.0166516853494,82060,63,-8.231109237051788,-0.6206633003332406,2.87839555590383,8.741941613904014,0.043797171450117744,True,walking_dual_task,P08,26,0.284
2026-04-03T01:32:21.495584,1339.667901556046,82107,61,-8.374239413117468,-0.5683322898445107,2.7787994264901688,8.84152778610982,0.09958617220580557,True,walking_dual_task,P08,26,0.284
2026-04-03T01:32:21.496153,1306.7295396752456,82107,63,-7.930061546214087,-0.7322737012992663,2.9899269200559595,8.506571805823611,0.33495598028620854,True,walking_dual_task,P08,26,0.284
2026-04-03T01:32:21.496524,1314.659981091877,82135,63,-7.5946572033973245,-0.7469346993910391,2.775515021656419,8.12035794270854,0.38621386311507067,True,walking_dual_task,P08,26,0.284
2026-04-03T01:32:21.497307,1269.8391683172356,82135,62,-7.545422639973239,-0.8139538698501592,2.9156288626133438,8.129994795974273,0.00963685326573227,True,walking_dual_task,P08,26,0.284
2026-04-03T01:32:21.497970,1355.9051478987312,82177,63,-7.434535501080621,-0.9179951701229501,2.468266029320665,7.887164917807637,0.24282987816663582,True,walking_dual_task,P08,26,0.284
2026-04-03T01:32:21.499233,1327.0772244951436,82177,62,-7.248413085386943,-0.889374815981878,2.616689946062228,7.75741877775943,0.12974614004820761,True,walking_dual_task,P08,26,0.284
2026-04-03T01:32:21.555694,1335.6696627591334,82265,61,-7.654111504288566,-1.2834934863179142,2.5968733112348095,8.183918953906296,0.42650017614686675,True,walking_dual_task,P08,26,0.284
2026-04-03T01:32:21.556168,1270.2012136582987,82265,61,-8.005345072740004,-1.7579864608308982,2.8640616382124864,8.68210315520311,0.49818420129681407,True,walking_dual_task,P08,26,0.284
2026-04-03T01:32:21.556801,1251.9568527584124,82345,63,-8.069838650412551,-1.9512968687909056,2.8299195852189007,8.771448008889466,0.08934485368635592,True,walking_dual_task,P08,26,0.284
2026-04-03T01:32:21.615492,1375.6961676355043,82345,64,-8.022392978310782,-1.8965982658450986,2.8078219110920113,8.708601378227456,0.06284663066201013,True,walking_dual_task,P08,26,0.284
2026-04-03T01:32:21.616151,1324.8900802398996,82361,62,-8.05158217559662,-1.826878471163697,2.8593803179763877,8.737363233929178,0.028761855701722183,True,walking_dual_task,P08,26,0.284
2026-04-03T01:32:21.616731,1376.2084976209635,82361,60,-8.209197132225114,-1.938182287565669,2.77179159664731,8.878642733594532,0.14127949966535347,True,walking_dual_task,P08,26,0.284
2026-04-03T01:32:21.675568,1401.6014901728606,82318,60,-8.055910675965137,-1.8195462501363917,2.780995457326559,8.714492590460184,0.16415014313434817,True,walking_dual_task,P08,26,0.284
2026-04-03T01:32:21.676096,1381.1741739937258,82318,60,-8.065466684058169,-1.9899530070702571,2.7085355313042148,8.737724562283802,0.023231971823618025,True,walking_dual_task,P08,26,0.284
2026-04-03T01:32:21.676969,1354.3697872649777,82031,63,-7.96213464388512,-1.9462409234330127,2.7099611846858767,8.632921373550502,0.10480318873329963,True,walking_dual_task,P08,26,0.284
2026-04-03T01:32:21.735509,1280.0501725485676,82031,64,-8.047542082336788,-1.9051473969609771,2.885241841124103,8.758832151200407,0.12591077764990466,True,walking_dual_task,P08,26,0.284
2026-04-03T01:32:21.735900,1320.985133901487,81939,63,-8.089970972063757,-1.8560399154325424,2.9433746825355382,8.806586683744403,0.047754532543995865,True,walking_dual_task,P08,26,0.284
2026-04-03T01:32:21.736554,1333.0982510374745,81939,62,-8.109733341163446,-1.7665961662414214,2.8084144251284235,8.762181718192469,0.04440496555193363,True,walking_dual_task,P08,26,0.284
2026-04-03T01:32:21.795715,1371.6137129832941,82078,63,-8.020228718926937,-1.7753708228413032,2.807532226901546,8.680912824558682,0.08126889363378709,True,walking_dual_task,P08,26,0.284
2026-04-03T01:32:21.796109,1292.5577519443998,82078,61,-8.005372768351323,-1.964134839505583,2.7764559854805575,8.697846093564278,0.01693326900559633,True,walking_dual_task,P08,26,0.284
2026-04-03T01:32:21.796728,1247.225234091788,82186,62,-8.075204502574508,-1.9690993496533487,2.6746900606466317,8.731566121133524,0.0337200275692453,True,walking_dual_task,P08,26,0.284
2026-04-03T01:32:21.855499,1306.1371995051472,82186,61,-8.38259957088559,0.6464691423378636,4.345156847141903,9.463946636793262,0.732380515659738,True,walking_dual_task,P08,26,0.284
2026-04-03T01:32:21.855979,1394.9265055403655,82207,60,-7.498198644398741,0.2228767230144913,3.8909464368906024,8.45056927782244,1.0133773589708213,True,walking_dual_task,P08,26,0.284
2026-04-03T01:32:21.856732,1297.6376229874622,82207,62,-7.47180150706337,0.10681002870265537,4.03997673893219,8.494741796799893,0.04417251897745267,True,walking_dual_task,P08,26,0.284
2026-04-03T01:32:21.915588,1344.2990844308729,82275,58,-7.578440372546613,-0.8793800357206956,3.9042911414908374,8.570271701935265,0.07552990513537239,True,walking_dual_task,P08,26,0.284
2026-04-03T01:32:21.915952,1335.5842456897506,82275,60,-8.682891707195797,-1.2417178177148176,4.1931945791822915,9.722003513505008,1.1517318115697428,True,walking_dual_task,P08,26,0.284
2026-04-03T01:32:21.916726,1321.698004236006,82284,60,-8.68010499670878,-1.1582063956624773,4.133030980539935,9.683367693883419,0.03863581962158946,True,walking_dual_task,P08,26,0.284
2026-04-03T01:32:21.975607,1294.2208244653816,82284,59,-9.274872205285705,-1.1642124615147535,4.511256899916716,10.37931037675306,0.6959426828696404,True,walking_dual_task,P08,26,0.284
2026-04-03T01:32:21.976026,1383.3022990720667,82153,58,-9.218221357558514,-0.8554040082772731,4.616099786285689,10.344839208575044,0.03447116817801543,True,walking_dual_task,P08,26,0.284
2026-04-03T01:32:21.976955,1375.471960067046,82153,59,-9.281748681137358,-0.7105571205675733,4.417183370548886,10.303749750961442,0.04108945761360161,True,walking_dual_task,P08,26,0.284
2026-04-03T01:32:22.035466,1388.2681879134502,82055,58,-8.318695797749353,0.04347994585556422,4.551264966966987,9.482436558223068,0.8213131927383746,True,walking_dual_task,P08,26,0.284
2026-04-03T01:32:22.036041,1362.2342850082905,82055,57,-8.321885997061138,-0.2516485468359381,4.632297720996277,9.527607029845122,0.04517047162205401,True,walking_dual_task,P08,26,0.284
2026-04-03T01:32:22.036708,1414.2803021681439,81965,58,-7.836962029203372,0.055990365124819766,4.398604363519938,8.987147996719475,0.5404590331256465,True,walking_dual_task,P08,26,0.284
2026-04-03T01:32:22.095653,1258.1320546107838,81965,58,-8.005055799358868,0.18370145141270916,4.437939472698486,9.15477860668599,0.16763060996651546,True,walking_dual_task,P08,26,0.284
2026-04-03T01:32:22.096095,1345.6286859432976,81956,59,-7.835472736808549,-0.011998773649043625,4.266833266706738,8.921919250122947,0.23285935656304346,True,walking_dual_task,P08,26,0.284
2026-04-03T01:32:22.096681,1297.146660168705,81956,60,-8.082608258010625,0.09803357314174299,4.444101092549046,9.22432660711448,0.302407356991532,True,walking_dual_task,P08,26,0.284
2026-04-03T01:32:22.155749,1195.9322689382282,82014,58,-8.257683132392904,-0.09861331551821048,4.430223067803387,9.371549057199722,0.14722245008524304,True,walking_dual_task,P08,26,0.284
2026-04-03T01:32:22.156252,1365.3891519468154,82014,58,-8.90766169455452,-0.20547340580703521,4.893639292461323,10.165449410126893,0.7939003529271709,True,walking_dual_task,P08,26,0.284
2026-04-03T01:32:22.157058,1328.1925007855737,82021,59,-9.000760734866203,-0.174702178051858,5.005603887696152,10.300499256727516,0.1350498466006229,True,walking_dual_task,P08,26,0.284
2026-04-03T01:32:22.215767,1293.9711616702482,82021,58,-10.31476186480631,-0.3649690917461217,5.039061257589358,11.485628111833092,1.1851288551055763,True,walking_dual_task,P08,26,0.284
2026-04-03T01:32:22.216183,1327.124150347881,81906,58,-11.131223019416527,-0.006521108887567795,5.046732710922107,12.221852539134185,0.7362244273010923,True,walking_dual_task,P08,26,0.284
2026-04-03T01:32:22.216826,1264.828889328378,81906,60,-11.099551858745356,-0.21981348702670833,5.074714138745598,12.2066003876608,0.015252151473385211,True,walking_dual_task,P08,26,0.284
2026-04-03T01:32:22.275776,1278.1275075776705,81784,58,-11.20707683504299,-0.2769357024878943,4.929659362617663,12.24650178627814,0.03990139861734043,True,walking_dual_task,P08,26,0.284
2026-04-03T01:32:22.276387,1458.364076200538,81784,59,-11.206210939072916,-0.12325893882263493,5.102331204580405,12.313737860545517,0.06723607426737743,True,walking_dual_task,P08,26,0.284
2026-04-03T01:32:22.276916,1371.030458241139,81733,58,-10.755257481851084,-0.44636348070904025,4.6607671921484775,11.730198407411189,0.5835394531343283,True,walking_dual_task,P08,26,0.284
2026-04-03T01:32:22.395781,1322.7362105059885,81733,58,-10.806808715613032,-0.621070899273524,4.5440387978059595,11.739724539943007,0.009526132531817666,True,walking_dual_task,P08,26,0.284
2026-04-03T01:32:22.396186,1323.1472218828983,81708,58,-10.950236474436595,-0.4546808787525482,4.28154142731429,11.766308280059354,0.026583740116347343,True,walking_dual_task,P08,26,0.284
2026-04-03T01:32:22.455864,1294.7216145070756,81708,59,-10.567440106361653,-0.303037450240919,3.7623400001447047,11.221311170022787,0.5449971100365669,True,walking_dual_task,P08,26,0.284
2026-04-03T01:32:22.515548,1229.7973973281128,81683,60,-10.404418422191448,-0.23523609037397397,3.6497177975481456,11.028494853060906,0.19281631696188128,True,walking_dual_task,P08,26,0.284
2026-04-03T01:32:22.515946,1395.0137101832158,81683,60,-9.952508032842063,-0.1418259057315001,3.3499162101979074,10.502117374447357,0.5263774786135489,True,walking_dual_task,P08,26,0.284
2026-04-03T01:32:22.516481,1262.1944674124022,81703,61,-9.949190574182948,0.010252544077024833,3.3557958821254896,10.499898294677013,0.002219079770343413,True,walking_dual_task,P08,26,0.284
2026-04-03T01:32:22.517256,1161.8818881238076,81703,59,-9.624919718089942,0.08751059815542757,3.2592499286404744,10.162157634174399,0.33774066050261453,True,walking_dual_task,P08,26,0.284
2026-04-03T01:32:22.518371,1278.0321979168837,81744,57,-8.924066139024479,0.2789451602666758,2.993529189188797,9.416898845301716,0.7452587888726825,True,walking_dual_task,P08,26,0.284
2026-04-03T01:32:22.575676,1180.849383751602,81744,57,-8.861934137211291,0.06123712672317652,3.067866491151894,9.3781358193136,0.038763025988115984,True,walking_dual_task,P08,26,0.284
2026-04-03T01:32:22.576134,1307.1625565988588,81803,59,-7.7607546361488895,0.22356403397552593,3.1966219591462868,8.396289975309937,0.9818458440036633,True,walking_dual_task,P08,26,0.284
2026-04-03T01:32:22.576986,1414.265873309301,81803,60,-7.642429371093693,0.3881938740499228,3.0492789417410555,8.237446402893974,0.1588435724159627,True,walking_dual_task,P08,26,0.284
2026-04-03T01:32:22.577465,1300.6596680793775,81902,58,-7.853140499843642,0.19155837284044874,3.0876063987356916,8.440487165679675,0.20304076278570093,True,walking_dual_task,P08,26,0.284
2026-04-03T01:32:22.578425,1343.686954093085,81902,60,-6.949416435424741,0.11014578580962812,3.320089492119808,7.702565489677287,0.7379216760023883,True,walking_dual_task,P08,26,0.284
2026-04-03T01:32:22.635805,1278.7087082091696,82030,59,-6.857671470911013,-0.10298621611850894,3.482183855322341,7.691805286532206,0.010760203145080638,True,walking_dual_task,P08,26,0.284
2026-04-03T01:32:22.636231,1331.3301704336423,82030,59,-6.616739518119599,0.008469955344745053,3.307809319343019,7.397493905635992,0.29431138089621456,True,walking_dual_task,P08,26,0.284
2026-04-03T01:32:22.636881,1334.1661004659843,82156,58,-6.710378523772285,0.14638769677252667,3.299578534203379,7.479159564646712,0.08166565901071987,True,walking_dual_task,P08,26,0.284
2026-04-03T01:32:22.637449,1300.7484273259345,82156,61,-6.598993087894031,-0.021738448968347895,3.2165091270012955,7.341192907036252,0.1379666576104599,True,walking_dual_task,P08,26,0.284
2026-04-03T01:32:22.638375,1284.5733633830712,82257,61,-6.591772368133959,0.0676714904544136,3.308340363908499,7.375714090674944,0.0345211836386925,True,walking_dual_task,P08,26,0.284
2026-04-03T01:32:22.695572,1268.8428156631949,82257,59,-6.743920256959221,0.09423706321018185,3.252027492389478,7.487658103009539,0.11194401233459494,True,walking_dual_task,P08,26,0.284
2026-04-03T01:32:22.696192,1346.8601707368373,82360,59,-6.665863097876746,-0.12160945331757288,3.372351264269415,7.47136351333481,0.016294589674728854,True,walking_dual_task,P08,26,0.284
2026-04-03T01:32:22.696746,1299.7494578934986,82360,59,-6.573435863768723,0.02323892592516341,3.226146281138556,7.322473552704929,0.14888996062988102,True,walking_dual_task,P08,26,0.284
2026-04-03T01:32:22.755538,1398.6791317881462,82270,58,-6.68575131688844,0.05065795194023405,3.4041824571044517,7.502685859119252,0.1802123064143224,True,walking_dual_task,P08,26,0.284
2026-04-03T01:32:22.756083,1296.3681534093764,82270,58,-6.558981332306742,-0.011655786028158425,3.3082956073699443,7.346100448580834,0.15658541053841812,True,walking_dual_task,P08,26,0.284
2026-04-03T01:32:22.756562,1233.0054629315268,82084,59,-6.6469777546466755,0.1571533195805763,3.4216500253055324,7.477613210931433,0.1315127623505994,True,walking_dual_task,P08,26,0.284
2026-04-03T01:32:22.815645,1228.4529397033248,82084,59,-6.671105221123984,-0.06841031720014447,3.155805352462529,7.380205435178499,0.09740777575293436,True,walking_dual_task,P08,26,0.284
2026-04-03T01:32:22.816162,1328.0876013305785,81959,59,-6.458532291287437,0.09382551229879728,3.4262818005334084,7.311692660460171,0.06851277471832784,True,walking_dual_task,P08,26,0.284
2026-04-03T01:32:22.816718,1266.7903211437708,81959,57,-10.884553058497556,-1.510338957187401,4.658045662583176,11.935326071941075,4.623633411480904,True,walking_dual_task,P08,26,0.284
2026-04-03T01:32:22.875417,1356.909169605482,81856,59,-11.151653315413506,-1.420633777185265,5.119403097631969,12.352564918756611,0.41723884681553614,True,walking_dual_task,P08,26,0.284
2026-04-03T01:32:22.875795,1271.9323490454876,81856,58,-11.117722273917389,-1.4479608515447588,5.0648646546217915,12.302568559337605,0.04999635941900671,True,walking_dual_task,P08,26,0.284
2026-04-03T01:32:22.876923,1350.7845248262524,81811,60,-10.617880038692313,-1.3098393131268098,5.790903086785415,12.165098195362585,0.13747036397501944,True,walking_dual_task,P08,26,0.284
2026-04-03T01:32:22.935592,1410.6448276491285,81811,59,-10.228565204448541,-0.8634596736880106,5.896366896423111,11.837915835440594,0.3271823599219914,True,walking_dual_task,P08,26,0.284
2026-04-03T01:32:22.936191,1313.581576244819,81801,58,-10.148255396546304,-0.8571746105206055,5.917425525145058,11.77869945079212,0.05921638464847412,True,walking_dual_task,P08,26,0.284
2026-04-03T01:32:22.936754,1376.178944833977,81801,59,-9.780300221452492,-0.718680256836254,5.708483059280203,11.347138519089249,0.4315609317028706,True,walking_dual_task,P08,26,0.284
2026-04-03T01:32:22.995658,1392.8940903643002,81800,59,-9.882162146626014,-0.8030329619245449,5.7158442153079765,11.44433771451258,0.09719919542333066,True,walking_dual_task,P08,26,0.284
2026-04-03T01:32:23.115637,1324.5574793538576,81800,60,-8.968489368784036,-0.9813611987456081,5.788044480468185,10.719063870892548,0.7252738436200321,True,walking_dual_task,P08,26,0.284
2026-04-03T01:32:23.116070,1333.1617864194702,81836,60,-8.596532388403732,-1.3391557739092033,5.742470327909226,10.424474699407478,0.2945891714850699,True,walking_dual_task,P08,26,0.284
2026-04-03T01:32:23.116836,1279.9370620433447,81836,60,-8.428593365158985,-1.3926769333779778,5.960307032360733,10.416621096880407,0.007853602527070791,True,walking_dual_task,P08,26,0.284
2026-04-03T01:32:23.117407,1375.5619202751734,81886,59,-8.91445624313807,-1.3568785753569983,5.790525390392317,10.716288250876056,0.29966715399564947,True,walking_dual_task,P08,26,0.284
2026-04-03T01:32:23.118483,1399.3738975470073,81886,59,-8.909115024209836,-1.615268361511144,5.799120781685451,10.752266004655782,0.035977753779725674,True,walking_dual_task,P08,26,0.284
2026-04-03T01:32:23.175855,1336.884923592814,81896,60,-8.723293514004785,-1.2301968253110547,5.431173117983488,10.349245160782976,0.403020843872806,True,walking_dual_task,P08,26,0.284
2026-04-03T01:32:23.176169,1379.328891977275,81896,59,-8.914020214022877,-0.766228605345614,5.036199623321914,10.266945470664881,0.08229969011809501,True,walking_dual_task,P08,26,0.284
2026-04-03T01:32:23.235493,1426.5413512768368,81877,57,-8.872245990389128,-0.6512944340939726,5.0195356392021715,10.214532362623288,0.05241310804159305,True,walking_dual_task,P08,26,0.284
2026-04-03T01:32:23.235856,1333.7810563378055,81877,56,-8.254847576118568,-0.5639203571332287,4.4379786785652735,9.389151688280462,0.825380674342826,True,walking_dual_task,P08,26,0.284
2026-04-03T01:32:23.236536,1364.841959424312,81871,58,-8.267814382864833,-0.6071392821690506,4.476408066240933,9.421443729756403,0.03229204147594089,True,walking_dual_task,P08,26,0.284
2026-04-03T01:32:23.237579,1302.8800816138348,81871,56,-7.47017724690023,-0.461923341478987,4.270576994985828,8.617119538663207,0.8043241910931958,True,walking_dual_task,P08,26,0.284
2026-04-03T01:32:23.238229,1244.955894684981,81915,57,-7.162301691825175,-0.5633345901236958,4.223724446422053,8.334012214081215,0.2831073245819926,True,walking_dual_task,P08,26,0.284
2026-04-03T01:32:23.295758,1225.072814513304,81915,58,-7.083897845601342,-0.4823415317764633,4.158943696425323,8.22867393388678,0.10533828019443447,True,walking_dual_task,P08,26,0.284
2026-04-03T01:32:23.355575,1402.0700068128615,81964,56,-7.291924313053296,-0.630359716879855,4.537425455523324,8.61148903061449,0.3828150967277093,True,walking_dual_task,P08,26,0.284
2026-04-03T01:32:23.355936,1370.4240026054472,81964,57,-7.129826296870854,-0.6838589184645875,4.559335287751335,8.4905608949026,0.12092813571188898,True,walking_dual_task,P08,26,0.284
2026-04-03T01:32:23.356520,1395.9802286638956,81989,58,-7.564726508324248,-0.9596926552582614,4.742259660169686,8.979706221406852,0.4891453265042518,True,walking_dual_task,P08,26,0.284
2026-04-03T01:32:23.357247,1336.185508306267,81989,56,-8.166171715937484,-1.0860288561873854,5.231888794310183,9.759020418396382,0.7793141969895299,True,walking_dual_task,P08,26,0.284
2026-04-03T01:32:23.415577,1344.0247166001684,81985,56,-8.029688149377668,-1.0363596140011226,4.959472975314614,9.494540811364429,0.2644796070319533,True,walking_dual_task,P08,26,0.284
2026-04-03T01:32:23.415877,1356.4257556605314,81985,57,-8.68862103610234,-1.184477130013958,5.290128977131098,10.24112231033339,0.7465814989689612,True,walking_dual_task,P08,26,0.284
2026-04-03T01:32:23.416609,1464.4449153407586,81934,57,-8.494488589913804,-1.2358944836986185,5.353679156926235,10.116602794135929,0.12451951619746104,True,walking_dual_task,P08,26,0.284
2026-04-03T01:32:23.417317,1237.7517551295914,81934,57,-9.827357721685855,-1.1031726634744654,5.471141732532147,11.301652161205052,1.185049367069123,True,walking_dual_task,P08,26,0.284
2026-04-03T01:32:23.418566,1351.1323887672772,81829,57,-9.76415533094553,-0.9626339592822886,5.206076770016827,11.1071431431176,0.19450901808745158,True,walking_dual_task,P08,26,0.284
2026-04-03T01:32:23.475477,1435.2539561422159,81829,58,-10.953396183572655,-0.9480547294421603,5.864906714399876,12.460851756318041,1.3537086132004408,True,walking_dual_task,P08,26,0.284
2026-04-03T01:32:23.476101,1251.1303442686144,81566,56,-10.777327900470889,-0.9694080561916906,5.738675437114881,12.248385380376602,0.2124663759414389,True,walking_dual_task,P08,26,0.284
2026-04-03T01:32:23.476979,1298.2994880782055,81566,57,-10.055145867200396,-0.3636183263887572,5.868030667904567,11.647830725823221,0.6005546545533811,True,walking_dual_task,P08,26,0.284
2026-04-03T01:32:23.477488,1256.775935299723,81481,54,-10.235209001940706,-0.23692755006422464,5.806573267654628,11.769958839776324,0.12212811395310297,True,walking_dual_task,P08,26,0.284
2026-04-03T01:32:23.535825,1417.3574316439713,81481,58,-9.802595761670736,-0.21179980647306626,5.304712360543684,11.147901867744084,0.6220569720322402,True,walking_dual_task,P08,26,0.284
2026-04-03T01:32:23.595880,1410.2404294765652,81555,57,-9.76448281509445,-0.16450119201979937,5.1731129205063695,11.051392788999978,0.09650907874410564,True,walking_dual_task,P08,26,0.284
2026-04-03T01:32:23.656029,1402.6198393203317,81555,57,-9.97885725719749,-0.18420676865806543,4.817811457766232,11.082546256872833,0.03115346787285489,True,walking_dual_task,P08,26,0.284
2026-04-03T01:32:23.656169,1310.8698976022695,81602,55,-10.295313300203663,0.218651707026445,4.398299376558631,11.197603400914502,0.11505714404166945,True,walking_dual_task,P08,26,0.284
2026-04-03T01:32:23.656882,1327.998470515676,81602,58,-10.21012739056843,0.16569526714632804,4.278853251234027,11.07170905500982,0.1258943459046833,True,walking_dual_task,P08,26,0.284
2026-04-03T01:32:23.657346,1317.2179053244004,81612,57,-10.211964352801912,0.08630331497706895,4.348646449141456,11.09965720843232,0.027948153422501676,True,walking_dual_task,P08,26,0.284
2026-04-03T01:32:23.658368,1347.1698377289963,81612,56,-10.250887406780755,0.04634149394569652,4.267210103595954,11.103689577288659,0.004032368856337953,True,walking_dual_task,P08,26,0.284
2026-04-03T01:32:23.715502,1404.4210039546585,81639,57,-10.304902463720586,0.1683345204168699,4.37682921502257,11.197141835086025,0.09345225779736666,True,walking_dual_task,P08,26,0.284
2026-04-03T01:32:23.715984,1372.3103476716435,81639,58,-10.182950766251746,0.23920242047018078,4.295447121818668,11.054436669600406,0.1427051654856193,True,walking_dual_task,P08,26,0.284
2026-04-03T01:32:23.716723,1366.0410908159538,81648,57,-10.09667868508831,0.05803195386927895,4.3894525782361145,11.009703997572785,0.04473267202762088,True,walking_dual_task,P08,26,0.284
2026-04-03T01:32:23.717323,1318.666068027076,81648,57,-10.067471249927278,0.19589162941519603,4.3831510675950085,10.982001829354543,0.027702168218242562,True,walking_dual_task,P08,26,0.284
2026-04-03T01:32:23.718214,1282.9448710050906,81669,56,-10.139374327195648,0.17311811053445697,4.291342215089406,11.011471274729717,0.02946944537517382,True,walking_dual_task,P08,26,0.284
2026-04-03T01:32:23.835455,1348.036349817298,81669,57,-10.094334048913447,0.15536500050405994,4.4991648933532105,11.052701159084009,0.04122988435429242,True,walking_dual_task,P08,26,0.284
2026-04-03T01:32:23.835913,1283.387877486433,81763,57,-10.085006094134624,0.02665685895010597,4.214846888133822,10.93037020403577,0.12233095504823943,True,walking_dual_task,P08,26,0.284
2026-04-03T01:32:23.836592,1302.4521752195344,81763,56,-10.185010802564838,0.08943182151693833,4.340994469717043,11.071886744596705,0.14151654056093577,True,walking_dual_task,P08,26,0.284
2026-04-03T01:32:23.837285,1427.543170348537,81908,57,-10.1716845257921,0.12560353195678384,4.324214106295145,11.05340535656593,0.018481388030775037,True,walking_dual_task,P08,26,0.284
2026-04-03T01:32:23.837995,1452.9752720374534,81908,56,-6.963991024208948,0.5784424155641736,3.106692230086212,7.64743769022439,3.4059676663415406,True,walking_dual_task,P08,26,0.284
2026-04-03T01:32:23.838793,1369.907643181199,82063,58,-6.794682704669235,0.5166632869561045,2.872835844716866,7.3951227035059794,0.25231498671841024,True,walking_dual_task,P08,26,0.284
2026-04-03T01:32:23.895516,1319.4787527990668,82063,56,-6.877282584425519,0.5922222223366268,2.925644261868612,7.497141939010932,0.10201923550495273,True,walking_dual_task,P08,26,0.284
2026-04-03T01:32:23.896083,1254.45633628066,82199,57,-6.735154188033076,0.21200790908784875,3.1545575836652957,7.440328140529523,0.056813798481408995,True,walking_dual_task,P08,26,0.284
2026-04-03T01:32:23.896565,1329.3189550875607,82199,58,-7.2084632561250945,-0.2563159176552263,3.4202576982153237,7.98284429804003,0.5425161575105069,True,walking_dual_task,P08,26,0.284
2026-04-03T01:32:23.955561,1387.7928724151432,82283,58,-7.221598627928525,0.047921085961857166,3.4922297165631973,8.021810990457578,0.03896669241754758,True,walking_dual_task,P08,26,0.284
2026-04-03T01:32:23.956052,1361.6557821330493,82283,57,-8.2691871823877,-0.7488463400103317,4.009601141061681,9.22047335057778,1.1986623601202027,True,walking_dual_task,P08,26,0.284
2026-04-03T01:32:23.957077,1326.2607028464342,82231,57,-7.995687203209432,-0.8491636062687082,3.906835759888455,8.939544638096592,0.2809287124811881,True,walking_dual_task,P08,26,0.284
2026-04-03T01:32:24.015738,1344.487814179924,82231,58,-9.296434143050998,-1.7829381990573845,4.418899842527709,10.446493776192744,1.506949138096152,True,walking_dual_task,P08,26,0.284
2026-04-03T01:32:24.015996,1393.2064116528686,82062,57,-9.962724587591829,-2.0365284644593253,4.943987240578139,11.306915548891276,0.8604217726985315,True,walking_dual_task,P08,26,0.284
2026-04-03T01:32:24.016786,1408.2118155251342,82062,58,-9.858743352730274,-2.1895407948287264,4.881126105696024,11.216697439394975,0.09021810949630016,True,walking_dual_task,P08,26,0.284
2026-04-03T01:32:24.135699,1455.1284938959577,81940,57,-9.517807780335765,-2.151821367514198,5.658484191381078,11.279957601215541,0.06326016182056549,True,walking_dual_task,P08,26,0.284
2026-04-03T01:32:24.136343,1282.1027176379016,81940,57,-9.632743345568286,-2.250512550322777,5.440515685266053,11.289542152911977,0.00958455169643635,True,walking_dual_task,P08,26,0.284
2026-04-03T01:32:24.196604,1334.4224677803095,81884,58,-8.987830524715275,-1.2709510892808873,5.800624451873481,10.772356206699648,0.5171859462123294,True,walking_dual_task,P08,26,0.284
2026-04-03T01:32:24.196766,1479.8567263003613,81884,57,-9.311706863473425,-0.32000177653260475,5.761567701006038,10.954722644664178,0.18236643796453045,True,walking_dual_task,P08,26,0.284
2026-04-03T01:32:24.197050,1266.161918499691,81807,56,-9.256644136186265,-0.4983431407862615,5.65294726307936,10.857698619372188,0.09702402529199006,True,walking_dual_task,P08,26,0.284
2026-04-03T01:32:24.197753,1197.8776900194575,81807,56,-9.436955543618694,-0.234979085079027,6.074181701166001,11.225285227620725,0.36758660824853706,True,walking_dual_task,P08,26,0.284
2026-04-03T01:32:24.198413,1296.3106478879272,81774,57,-9.445041554752887,-0.121933339799265,5.973582152926216,11.17619619763907,0.049089029981654875,True,walking_dual_task,P08,26,0.284
2026-04-03T01:32:24.199028,1228.1905117389977,81774,58,-9.101532290743824,-1.5120725605144596,6.552364177232123,11.316259531258025,0.1400633336189543,True,walking_dual_task,P08,26,0.284
2026-04-03T01:32:24.256124,1327.8175876611665,81793,58,-9.022735682316323,-2.6438018882943948,6.851769512256138,11.633838277480736,0.3175787462227113,True,walking_dual_task,P08,26,0.284
2026-04-03T01:32:24.256406,1304.8072864190754,81793,56,-8.882690726121112,-2.7560931511686193,6.806189435149206,11.52486262915846,0.1089756483222768,True,walking_dual_task,P08,26,0.284
2026-04-03T01:32:24.256683,1356.7857246218468,81810,57,-8.722903498805538,-2.111779236693754,6.562218688572429,11.118065079439587,0.4067975497188723,True,walking_dual_task,P08,26,0.284
2026-04-03T01:32:24.257250,1312.4985258383053,81810,55,-8.785840202051787,-2.1881001717810586,6.793273778947293,11.31933474429794,0.20126966485835318,True,walking_dual_task,P08,26,0.284
2026-04-03T01:32:24.315723,1273.8498197384733,81812,57,-8.67083916075151,-1.6296523651745818,6.434120801791454,10.919575498845482,0.3997592454524579,True,walking_dual_task,P08,26,0.284
2026-04-03T01:32:24.316193,1169.9831924489895,81812,55,-8.769047444999858,-1.713756100040531,6.2114323052457365,10.88186768646518,0.03770781238030274,True,walking_dual_task,P08,26,0.284
2026-04-03T01:32:24.316868,1300.0511363453604,81809,55,-8.155078088165858,-1.383029010589627,5.42265024332326,9.890561335416168,0.9913063510490119,True,walking_dual_task,P08,26,0.284
2026-04-03T01:32:24.375777,1366.8524031776617,81809,56,-7.668096654850866,-1.5591583252570953,5.000585488362459,9.2863629165446,0.604198418871567,True,walking_dual_task,P08,26,0.284
2026-04-03T01:32:24.376277,1320.0909616821916,81831,54,-7.652254721871377,-1.516027695130719,4.884381219720638,9.203940580010599,0.08242233653400177,True,walking_dual_task,P08,26,0.284
2026-04-03T01:32:24.376807,1393.8649980793552,81831,56,-7.234102498154514,-1.4685495048589599,4.667429122673509,8.733485628156016,0.47045495185458286,True,walking_dual_task,P08,26,0.284
2026-04-03T01:32:24.435630,1377.809816897841,81865,57,-7.173112185151689,-1.4288799138928607,4.752579491160825,8.72251386063104,0.010971767524976528,True,walking_dual_task,P08,26,0.284
2026-04-03T01:32:24.436125,1377.4524066306549,81865,57,-7.136902288263188,-1.453960848170938,5.005096128985293,8.837441014265037,0.11492715363399775,True,walking_dual_task,P08,26,0.284
2026-04-03T01:32:24.436659,1312.1039241687745,81897,54,-7.1660874881552745,-1.820739663024798,5.373337057504147,9.140057655286128,0.30261664102109087,True,walking_dual_task,P08,26,0.284
2026-04-03T01:32:24.495588,1317.8248237505618,81897,55,-7.138742448302087,-1.7859336257309082,5.258714085758327,9.044626940590721,0.0954307146954072,True,walking_dual_task,P08,26,0.284
2026-04-03T01:32:24.496115,1396.5766322053096,81899,57,-7.446718779266841,-1.8399803264329522,5.414845699928672,9.389339813489647,0.34471287289892594,True,walking_dual_task,P08,26,0.284
2026-04-03T01:32:24.496797,1330.3144112717628,81899,55,-7.584227567137254,-2.054837538569345,5.531232366640404,9.609234964023349,0.21989515053370212,True,walking_dual_task,P08,26,0.284
2026-04-03T01:32:24.555786,1354.4485086225877,81867,55,-7.78722148077339,-1.5463576980569687,5.722236030871866,9.786522656897432,0.1772876928740832,True,walking_dual_task,P08,26,0.284
2026-04-03T01:32:24.615746,1294.8037727067765,81867,58,-7.900599103691876,-1.560033375997543,5.499932667308264,9.752047460733964,0.03447519616346817,True,walking_dual_task,P08,26,0.284
2026-04-03T01:32:24.616132,1294.2533442799433,81840,57,-8.240687433167627,-1.3274912369809475,5.496472142990597,9.994116688037003,0.24206922730303937,True,walking_dual_task,P08,26,0.284
2026-04-03T01:32:24.617029,1281.7570198605827,81840,57,-8.426222065514184,-1.494780770263467,5.33966606252946,10.087002602747578,0.09288591471057472,True,walking_dual_task,P08,26,0.284
2026-04-03T01:32:24.617711,1362.1963220401149,81818,55,-8.38857345800378,-1.351068168302598,5.487835049806815,10.114834817712755,0.027832214965176405,True,walking_dual_task,P08,26,0.284
2026-04-03T01:32:24.618243,1331.1790388310017,81818,58,-8.350855349401904,-1.3403495580090414,5.33656534966902,10.000612568016894,0.11422224969586026,True,walking_dual_task,P08,26,0.284
2026-04-03T01:32:24.675864,1287.9460896671537,81759,55,-8.42711959718753,-1.3554254854348957,5.406045706360085,10.103407995875592,0.10279542785869822,True,walking_dual_task,P08,26,0.284
2026-04-03T01:32:24.676112,1421.3668947227948,81759,56,-8.34774886591797,-1.4253986220410066,5.358778940677707,10.021635799369385,0.0817721965062077,True,walking_dual_task,P08,26,0.284
2026-04-03T01:32:24.676751,1331.4991538618176,81708,57,-8.423942714019832,-1.3098466575243393,5.436712856346238,10.11119952318596,0.08956372381657474,True,walking_dual_task,P08,26,0.284
2026-04-03T01:32:24.735861,1310.1585987491057,81708,54,-8.497570447759028,-1.3915306373677674,5.360966250221134,10.143225333461283,0.03202581027532325,True,walking_dual_task,P08,26,0.284
2026-04-03T01:32:24.736049,1389.8389375017903,81710,54,-8.289489688165922,-1.3071920435960072,5.387323832071685,9.972344177807814,0.1708811556534684,True,walking_dual_task,P08,26,0.284
2026-04-03T01:32:24.736970,1335.1511874789762,81710,57,-8.399019289248537,-1.2933683451928464,5.405090289273941,10.071312115743376,0.09896793793556213,True,walking_dual_task,P08,26,0.284
2026-04-03T01:32:24.855708,1410.468663817447,81718,56,-8.325721639795091,-1.348661143881035,5.461906527799851,10.048330738127074,0.022981377616302368,True,walking_dual_task,P08,26,0.284
2026-04-03T01:32:24.855864,1381.4971678931402,81718,55,-8.483327037390676,-1.475491136368478,5.297021690878477,10.109517817901242,0.06118707977416804,True,walking_dual_task,P08,26,0.284
2026-04-03T01:32:24.856547,1234.9240426839553,81635,56,-8.414497940384674,-1.45651723166854,5.261043077438246,10.030144181294014,0.07937363660722774,True,walking_dual_task,P08,26,0.284
2026-04-03T01:32:24.857213,1285.5878676836178,81635,56,-8.909700924067042,-0.5588810449294018,4.121273968276707,9.832599742707812,0.19754443858620263,True,walking_dual_task,P08,26,0.284
2026-04-03T01:32:24.858296,1378.0503106442115,81616,56,-9.057617663082855,-0.432820380574793,4.0535045428073,9.932707097815321,0.10010735510750912,True,walking_dual_task,P08,26,0.284
2026-04-03T01:32:24.858718,1376.670748144502,81616,54,-9.059430791796201,-0.20733339291401529,4.146079405144192,9.965252020943735,0.03254492312841428,True,walking_dual_task,P08,26,0.284
2026-04-03T01:32:24.915491,1307.4401315052344,81629,55,-9.168179404769367,-0.3767238438028159,3.9374373820476323,9.985031176219374,0.019779155275639226,True,walking_dual_task,P08,26,0.284
2026-04-03T01:32:24.916053,1392.8923955496673,81629,56,-8.843763639319047,-0.4413420288593874,4.175867723039303,9.790036227455998,0.19499494876337664,True,walking_dual_task,P08,26,0.284
2026-04-03T01:32:24.916678,1275.2021377081442,81627,55,-8.949632179908745,-0.3643179535723651,4.30531949399954,9.938028963147861,0.14799273569186333,True,walking_dual_task,P08,26,0.284
2026-04-03T01:32:24.975581,1374.442610860469,81627,53,-8.553339428071958,-0.7920100492681585,4.227147031138858,9.57369663781019,0.3643323253376707,True,walking_dual_task,P08,26,0.284
2026-04-03T01:32:24.976601,1365.125413996475,81645,54,-8.550480245000122,-0.9008555024223023,4.089895683236913,9.5210030856072,0.052693552202990546,True,walking_dual_task,P08,26,0.284
2026-04-03T01:32:24.976951,1285.8273819195579,81645,56,-8.034482371097273,-0.8940802392734672,4.274749311933744,9.14471257752862,0.3762905080785792,True,walking_dual_task,P08,26,0.284
2026-04-03T01:32:25.035707,1368.3201646084367,81690,57,-7.751097610461818,-0.29992992840085453,3.7050899194041413,8.596345935322033,0.548366642206588,True,walking_dual_task,P08,26,0.284
2026-04-03T01:32:25.036083,1427.1091565560005,81690,56,-7.793339746009276,-0.3355955011199722,3.7161388209506963,8.640512512211108,0.04416657688907577,True,walking_dual_task,P08,26,0.284
2026-04-03T01:32:25.036705,1199.6389090235011,81731,56,-7.903177299950234,0.1105693689592756,3.0311061304376388,8.465225418958278,0.17528709325283032,True,walking_dual_task,P08,26,0.284
2026-04-03T01:32:25.095502,1334.5523568163646,81731,57,-7.826829561564414,0.17456247020800686,3.219544940984492,8.464939614008038,0.00028580495023966535,True,walking_dual_task,P08,26,0.284
2026-04-03T01:32:25.096149,1341.4985979135847,81779,58,-7.621146725830662,-0.0261260736635395,2.56433550595511,8.041043251684854,0.42389636232318395,True,walking_dual_task,P08,26,0.284
2026-04-03T01:32:25.096926,1371.989015048339,81779,55,-7.439621359308736,-0.6330221100421736,2.731640365221241,7.950505773005329,0.09053747867952566,True,walking_dual_task,P08,26,0.284
2026-04-03T01:32:25.155926,1298.3606489454098,81844,56,-7.467354870943755,-0.5093966943192177,2.5202935253588614,7.897642256696398,0.05286351630893105,True,walking_dual_task,P08,26,0.284
2026-04-03T01:32:25.156075,1330.7375643739479,81844,56,-8.092177938630577,-1.1711165552691736,2.747001188269555,8.625594084168307,0.7279518274719097,True,walking_dual_task,P08,26,0.284
2026-04-03T01:32:25.156832,1291.843895155139,81943,57,-7.889264999502218,-1.2634886379317223,2.6498219863569177,8.41774686777488,0.20784721639342685,True,walking_dual_task,P08,26,0.284
2026-04-03T01:32:25.215605,1281.2557574928596,81943,56,-9.367598863114306,-1.840856057030597,3.2189354120812697,10.074830255149587,1.6570833873747066,True,walking_dual_task,P08,26,0.284
2026-04-03T01:32:25.216356,1272.1491570131132,81946,58,12.96033895253928,-31.29378217424705,-16.768529921746936,69.91956079678687,1.774047567569749,True,walking_dual_task,P08,26,0.284
2026-04-03T01:32:25.216814,1248.0006582583253,81946,57,-10.62817615271432,-2.323078619228614,4.084608479300227,11.62062171458196,0.2282561081373764,True,walking_dual_task,P08,26,0.284
2026-04-03T01:32:25.275611,1290.574203331585,81833,57,-11.702731509112809,-2.147597152395835,4.653758861754107,12.775898005491252,1.155276290909292,True,walking_dual_task,P08,26,0.284
2026-04-03T01:32:25.276086,1415.2833315445926,81833,56,-11.657314341087105,-1.9571668036307919,4.667643189692454,12.708673120764095,0.06722488472715682,True,walking_dual_task,P08,26,0.284
2026-04-03T01:32:25.276734,1401.3637702321848,81723,55,-11.788225525097896,-1.5383163871130567,4.94998744480851,12.8775406829562,0.16886756219210497,True,walking_dual_task,P08,26,0.284
2026-04-03T01:32:25.335595,1438.748838554768,81723,56,-10.593007174590557,-0.7551917364365468,4.8905420524733305,11.691856872486898,1.1856838104693015,True,walking_dual_task,P08,26,0.284
2026-04-03T01:32:25.395941,1341.7467955781447,81671,55,-10.787099478727038,-0.6231768885332946,5.043115204632376,11.924046107154627,0.23218923466772878,True,walking_dual_task,P08,26,0.284
2026-04-03T01:32:25.455677,1426.202180270639,81671,55,-10.628211757296958,-0.7721267727169744,5.046232368096799,11.790654181338686,0.13339192581594084,True,walking_dual_task,P08,26,0.284
2026-04-03T01:32:25.456140,1207.8167782675287,81714,55,-9.405836147143512,0.11047332271911285,4.751207625039409,10.53830782802328,1.2523463533154064,True,walking_dual_task,P08,26,0.284
2026-04-03T01:32:25.456496,1408.133418955497,81714,56,-9.26718575496465,-0.1278465866063018,4.847270676512687,10.459116099274661,0.07919172874861857,True,walking_dual_task,P08,26,0.284
2026-04-03T01:32:25.457251,1308.0469175738856,81767,57,-8.91718581621598,-0.35172888667448005,4.791418201842566,10.129047560140735,0.33006853913392575,True,walking_dual_task,P08,26,0.284
2026-04-03T01:32:25.457986,1294.9968756514509,81767,58,-9.006843203497901,-0.19301777333569295,4.936666870262862,10.272836032039582,0.14378847189884603,True,walking_dual_task,P08,26,0.284
2026-04-03T01:32:25.458660,1382.9702376681037,81765,57,-8.811471097254547,-0.9268247697918763,5.0477312699206065,10.197088703398942,0.07574732864063982,True,walking_dual_task,P08,26,0.284
2026-04-03T01:32:25.575888,1333.8064850525277,81765,57,-8.782014199563104,-1.6280818550461784,4.969386529961047,10.221018853921407,0.02393015052246561,True,walking_dual_task,P08,26,0.284
2026-04-03T01:32:25.575978,1347.714445825136,81662,57,-8.801323281488846,-1.5961046691247915,5.0539546536806785,10.273913531928335,0.052894678006927265,True,walking_dual_task,P08,26,0.284
2026-04-03T01:32:25.576763,1355.194197707829,81662,57,-8.988757818263402,-2.1299988901968705,4.897047123837088,10.455416439373058,0.18150290744472386,True,walking_dual_task,P08,26,0.284
2026-04-03T01:32:25.577310,1296.241941279943,81603,57,-8.933164054871815,-2.0110858505956326,5.015034057170197,10.440136633411306,0.015279805961752047,True,walking_dual_task,P08,26,0.284
2026-04-03T01:32:25.578008,1305.9135006775573,81603,55,-9.182783073772969,-1.7227299164638723,4.709417523118911,10.462787236301349,0.022650602890042393,True,walking_dual_task,P08,26,0.284
2026-04-03T01:32:25.578692,1339.1966970005944,81601,56,-9.438419981179477,-0.9948127482318767,4.174257154923299,10.368116846399882,0.09467038990146648,True,walking_dual_task,P08,26,0.284
2026-04-03T01:32:25.635523,1294.3053201720058,81601,55,-9.279144595679513,-0.9626131384957886,4.438815809606926,10.331129380350893,0.036987466048989504,True,walking_dual_task,P08,26,0.284
2026-04-03T01:32:25.636151,1477.478219111089,81604,56,-9.249358174632134,-1.0494676028737906,4.2770588933606,10.244278484568394,0.08685089578249894,True,walking_dual_task,P08,26,0.284
2026-04-03T01:32:25.636777,1409.395809627518,81604,57,-9.244916146465687,-0.9617252266801258,4.504910405917814,10.328969345107067,0.08469086053867336,True,walking_dual_task,P08,26,0.284
2026-04-03T01:32:25.637436,1376.7473984217397,81637,55,-9.433635323826923,-0.988944561080006,4.4444461240460775,10.474950506679878,0.14598116157281105,True,walking_dual_task,P08,26,0.284
2026-04-03T01:32:25.695505,1355.8898590844894,81637,53,-9.28786232508732,-1.010273432426578,4.344791380233343,10.303506738765854,0.17144376791402394,True,walking_dual_task,P08,26,0.284
2026-04-03T01:32:25.696067,1418.7913852499678,81689,55,-9.34673716752617,-0.9237106380945764,4.2945340246627755,10.327524365051408,0.024017626285553817,True,walking_dual_task,P08,26,0.284
2026-04-03T01:32:25.696733,1318.2904140022924,81689,57,-9.357751038512239,-1.0440253222733638,4.402935076684919,10.394389383789088,0.0668650187376798,True,walking_dual_task,P08,26,0.284
2026-04-03T01:32:25.756609,1360.5589855386893,81744,56,-9.247409985398601,-0.872211030583821,4.316570435237063,10.242466687389545,0.15192269639954326,True,walking_dual_task,P08,26,0.284
2026-04-03T01:32:25.756994,1196.1762955317417,81744,56,-9.492779681257971,-0.8804570076744774,4.413915557804771,10.50574705438401,0.263280366994465,True,walking_dual_task,P08,26,0.284
2026-04-03T01:32:25.757248,1389.8951895213581,81760,57,-9.39507945213293,-0.9656422479931889,4.342187650935678,10.394930324871735,0.11081672951227439,True,walking_dual_task,P08,26,0.284
2026-04-03T01:32:25.815782,1322.4881822162693,81760,54,-9.32949652974528,-0.9869764915665521,4.294774406434422,10.3178832759243,0.07704704894743486,True,walking_dual_task,P08,26,0.284
2026-04-03T01:32:25.876121,1373.7043085941766,81764,56,-9.42807705335863,-0.954979680014126,4.383709305325102,10.441146028425296,0.12326275250099528,True,walking_dual_task,P08,26,0.284
2026-04-03T01:32:25.876493,1432.6540335511786,81764,56,-8.488282342077088,-0.42497499142301104,5.13174831984616,9.92806031812844,0.5130857102968562,True,walking_dual_task,P08,26,0.284
2026-04-03T01:32:25.876985,1320.5620408579493,81769,54,-9.492075686452365,-0.16623056231396605,5.076318930513575,10.7655072951291,0.8374469770006598,True,walking_dual_task,P08,26,0.284
2026-04-03T01:32:25.878271,1329.0209598889949,81769,58,-9.77830490010631,-0.23830717980167568,5.018945834198344,10.993718857511547,0.2282115623824481,True,walking_dual_task,P08,26,0.284
2026-04-03T01:32:25.879257,1337.6089676767165,81738,56,-11.169752789905628,0.06519025209930389,5.232432068919514,12.334746552419741,1.3410276949081936,True,walking_dual_task,P08,26,0.284
2026-04-03T01:32:25.935770,1324.16778531565,81738,55,-11.235088486982264,0.01137008443135417,5.224009924864687,12.390222850466658,0.05547629804691745,True,walking_dual_task,P08,26,0.284
2026-04-03T01:32:25.936213,1301.8262023908187,81605,56,-11.241771170634564,0.03127980435610472,5.130445217413641,12.357178707453958,0.033044143012700644,True,walking_dual_task,P08,26,0.284
2026-04-03T01:32:25.937077,1268.726029778415,81605,55,-10.088945064150629,-0.3103403496123307,4.668263598517373,11.120962578180416,1.2362161292735419,True,walking_dual_task,P08,26,0.284
2026-04-03T01:32:25.996043,1265.8914238638042,81618,56,-10.120331921032587,-0.2338376498152702,4.536035893572696,11.092854450776956,0.028108127403459804,True,walking_dual_task,P08,26,0.284
2026-04-03T01:32:25.996444,1394.0492072431027,81618,55,-9.76834249951399,-0.47760392713988675,3.9892413976076138,10.562323022300397,0.530531428476559,True,walking_dual_task,P08,26,0.284
2026-04-03T01:32:25.996901,1348.6537902747614,81703,56,-9.957157067755773,-0.4201437155435302,3.6553026009465532,10.615212419832027,0.052889397531629356,True,walking_dual_task,P08,26,0.284
2026-04-03T01:32:26.055787,1329.9898618873463,81703,57,-10.057829714255607,-0.26859364060789065,3.4589575238987664,10.63938288891202,0.024170469079994206,True,walking_dual_task,P08,26,0.284
2026-04-03T01:32:26.115532,1319.5742252739126,81689,55,-9.590816870001813,-0.42213375338803094,3.2220142809359578,10.126368607068187,0.5130142818438337,True,walking_dual_task,P08,26,0.284
2026-04-03T01:32:26.175581,1364.5741781856354,81689,56,-9.447718572351619,-0.6001108715826861,3.2018545858268026,9.993567534635945,0.13280107243224215,True,walking_dual_task,P08,26,0.284
2026-04-03T01:32:26.235886,1215.6846524560317,81706,55,-9.345129830397441,-0.14126163805784445,3.0445394215030586,9.829579171381503,0.16398836325444144,True,walking_dual_task,P08,26,0.284
2026-04-03T01:32:26.236054,1402.4326519820854,81706,58,-8.50995029794504,0.4707705993798438,3.004285870776261,9.036958151063951,0.7926210203175525,True,walking_dual_task,P08,26,0.284
2026-04-03T01:32:26.236832,1386.8853798002067,81748,54,-8.498729010398199,0.3689225057046943,3.105776342244925,9.055956343503851,0.018998192439900308,True,walking_dual_task,P08,26,0.284
2026-04-03T01:32:26.237428,1315.476746127426,81748,56,-7.670877915869594,0.4911574387344583,3.1512397781125987,8.30746145154819,0.7484948919556604,True,walking_dual_task,P08,26,0.284
2026-04-03T01:32:26.238067,1267.153275014287,81785,56,-7.86818132175998,0.6294151960345976,2.9885752562369055,8.440143533334215,0.13268208178602414,True,walking_dual_task,P08,26,0.284
2026-04-03T01:32:26.238883,1304.236475091371,81785,56,-7.739616895572848,0.8802285522749665,3.2827010017541167,8.452963850709066,0.012820317374851342,True,walking_dual_task,P08,26,0.284
2026-04-03T01:32:26.295730,1265.2490653308523,81712,57,-8.156309650383117,0.577416899988759,3.7434081002796766,8.992880606044144,0.5399167553350779,True,walking_dual_task,P08,26,0.284
2026-04-03T01:32:26.356012,1355.7556316330192,81712,55,-7.8737933062825505,0.6085897758818697,3.6729252242822454,8.709614357050295,0.2832662489938489,True,walking_dual_task,P08,26,0.284
2026-04-03T01:32:26.356043,1308.5253929960131,81628,55,-8.108998921340216,-0.03645611202723245,4.262299933634145,9.161025776552458,0.451411419502163,True,walking_dual_task,P08,26,0.284
2026-04-03T01:32:26.356617,1391.8633432413403,81628,55,-8.217662318919889,0.049383952348274376,4.233543927782684,9.244203965242814,0.08317818869035598,True,walking_dual_task,P08,26,0.284
2026-04-03T01:32:26.357317,1403.3631825848397,81645,54,-8.193517069427926,0.03989238581055794,4.287412002066598,9.247551840617989,0.0033478753751747803,True,walking_dual_task,P08,26,0.284
2026-04-03T01:32:26.357919,1353.4386887037663,81645,56,-8.310001034987103,0.03383318638073486,4.345805387364338,9.37780818479629,0.13025634417830112,True,walking_dual_task,P08,26,0.284
2026-04-03T01:32:26.359034,1250.7625538476905,81666,56,-8.492215526234215,0.8553237042002823,4.266044713760074,9.541930658036698,0.16412247324040763,True,walking_dual_task,P08,26,0.284
2026-04-03T01:32:26.415785,1316.5432287826159,81666,55,-8.475619667922617,0.6968044956356125,4.5260845694956515,9.63364452274638,0.09171386470968201,True,walking_dual_task,P08,26,0.284
2026-04-03T01:32:26.416082,1347.5940517211075,81670,57,-8.351189774728837,0.5417326477435735,4.04626949862073,9.295597978109596,0.33804654463678396,True,walking_dual_task,P08,26,0.284
2026-04-03T01:32:26.416810,1329.0179216838394,81670,56,-7.899760171288641,0.11319516950868236,3.72246587093192,8.733600407079052,0.5619975710305436,True,walking_dual_task,P08,26,0.284
2026-04-03T01:32:26.417441,1328.4671578604894,81703,56,-8.033242608412907,0.07453139620250152,3.6799686815717867,8.83632905860741,0.10272865152835742,True,walking_dual_task,P08,26,0.284
2026-04-03T01:32:26.418196,1491.6974345899228,81703,56,-7.931181125734028,0.08174670522228472,3.673852860351624,8.741139022606161,0.09519003600124876,True,walking_dual_task,P08,26,0.284
2026-04-03T01:32:26.475830,1369.3318913823803,81742,55,-8.186125620958013,-0.15145498706645572,3.8138451628868846,9.032220448023187,0.2910814254170262,True,walking_dual_task,P08,26,0.284
2026-04-03T01:32:26.475955,1421.489926512834,81742,55,-9.040310614643492,-0.5000475519869028,4.713448110014605,10.207539206355474,1.1753187583322866,True,walking_dual_task,P08,26,0.284
2026-04-03T01:32:26.476703,1257.5230540788577,81805,56,-8.969694314397366,-0.8584023254371456,4.640204100426361,10.135273293782559,0.07226591257291481,True,walking_dual_task,P08,26,0.284
2026-04-03T01:32:26.595728,1399.3854922106011,81805,57,-10.329419674921613,-0.9102955582145211,5.778203548763415,11.870685956376109,1.73541266259355,True,walking_dual_task,P08,26,0.284
2026-04-03T01:32:26.596012,1308.3710872053323,81680,55,-10.198894372738877,-0.8494439197678731,5.678975266188311,11.70426253435448,0.1664234220216283,True,walking_dual_task,P08,26,0.284
2026-04-03T01:32:26.596657,1375.832038327261,81680,56,-10.759353448737013,-1.109583875205134,5.712277794344033,12.232129030169697,0.5278664958152159,True,walking_dual_task,P08,26,0.284
2026-04-03T01:32:26.597528,1313.4260839392857,81588,57,-9.870473070025964,-0.818153718697748,5.3175293382197735,11.241518242495307,0.9906107876743899,True,walking_dual_task,P08,26,0.284
2026-04-03T01:32:26.598026,1294.603905544307,81588,57,-9.945331036446277,-0.8227421278583883,5.257756757274704,11.279650710554929,0.038132468059622227,True,walking_dual_task,P08,26,0.284
2026-04-03T01:32:26.598759,1423.4773096414472,81657,56,-9.964901594996974,-0.9381384137625364,5.260986645418062,11.30740235264569,0.027751642090761308,True,walking_dual_task,P08,26,0.284
2026-04-03T01:32:26.655571,1319.9595228775022,81657,56,-10.005359469173955,-0.6163473042930578,5.304615497605888,11.341342411034894,0.033940058389204,True,walking_dual_task,P08,26,0.284
2026-04-03T01:32:26.656065,1225.2418003732666,81858,57,-10.068671811694822,-0.8355267658135338,5.391291699589238,11.45173712665762,0.11039471562272496,True,walking_dual_task,P08,26,0.284
2026-04-03T01:32:26.656625,1360.3935763562833,81858,58,-9.916332390459493,-0.9311822200736362,5.256947227898015,11.26215976453726,0.18957736212035847,True,walking_dual_task,P08,26,0.284
2026-04-03T01:32:26.715612,1221.2665260918977,81967,56,-10.078262558594133,-0.6752790162512227,5.407881293654278,11.457423708495966,0.1952639439587056,True,walking_dual_task,P08,26,0.284
2026-04-03T01:32:26.716006,1323.9485911449715,81967,56,-10.046746230541997,-0.8197167051727362,5.24381881198699,11.362512091549021,0.09491161694694483,True,walking_dual_task,P08,26,0.284
2026-04-03T01:32:26.716642,1266.582238710802,81955,55,-9.983431186806083,-0.8348671595938367,5.262283254652871,11.316250549014043,0.04626154253497816,True,walking_dual_task,P08,26,0.284
2026-04-03T01:32:26.775620,1281.0455804655273,81955,55,-9.9317802332414,-0.8307488298135417,5.372457629654134,11.32226581573097,0.006015266716927314,True,walking_dual_task,P08,26,0.284
2026-04-03T01:32:26.776441,1408.965185632057,81856,55,-9.952957444795542,-0.8162358663424685,5.195912040626724,11.25722456120267,0.06504125452830145,True,walking_dual_task,P08,26,0.284
2026-04-03T01:32:26.777018,1353.1750878669504,81856,55,-9.870654873390624,-0.8395662212733559,5.185350792579845,11.181348841334025,0.07587571986864461,True,walking_dual_task,P08,26,0.284
2026-04-03T01:32:26.836090,1384.2448640842035,81802,58,-9.815980980784103,-0.7368066070011616,5.3573793998451675,11.207046025832193,0.025697184498168824,True,walking_dual_task,P08,26,0.284
2026-04-03T01:32:26.836704,1383.2852623397646,81802,57,-9.954168024344854,-1.6701628956402537,4.43493384980117,11.024678834640726,0.18236719119146727,True,walking_dual_task,P08,26,0.284
2026-04-03T01:32:26.836973,1283.8822973601846,81806,55,-9.799631402367908,-0.7303942535108405,4.507815068915159,10.811412862497457,0.2132659721432688,True,walking_dual_task,P08,26,0.284
2026-04-03T01:32:26.895515,1349.72318503491,81806,57,-9.756732743458887,-0.7104609872506537,4.720207477993918,10.86181141785281,0.050398555355352315,True,walking_dual_task,P08,26,0.284
2026-04-03T01:32:26.895762,1502.292040011572,81790,56,-8.853239217950398,0.2892628992617595,4.354988271877217,9.870635264426115,0.9911761534266947,True,walking_dual_task,P08,26,0.284
2026-04-03T01:32:26.896536,1288.5511773492267,81790,56,-7.547257581687827,0.26025088549903896,4.205098727070832,8.643592009816299,1.227043254609816,True,walking_dual_task,P08,26,0.284
2026-04-03T01:32:26.955552,1365.843456904835,81755,57,-7.432149173854136,0.2670288674056974,4.289966159429948,8.585566691110309,0.05802531870599026,True,walking_dual_task,P08,26,0.284
2026-04-03T01:32:26.955935,1371.1177314444965,81755,56,-6.284532998702512,-0.30324060898331784,4.519534830563607,7.746838385005523,0.8387283061047857,True,walking_dual_task,P08,26,0.284
2026-04-03T01:32:26.956912,1332.927497139645,81788,57,-6.211654753405101,-0.3442399041521116,4.54520994260734,7.704679701940079,0.0421586830654439,True,walking_dual_task,P08,26,0.284
2026-04-03T01:32:27.015544,1315.228814515687,81788,56,-6.317122482793186,-0.38326725043136833,4.9564554306292745,8.038618082959209,0.33393838101912987,True,walking_dual_task,P08,26,0.284
2026-04-03T01:32:27.016206,1339.0826886773698,81881,56,-6.62695894506953,-0.4212042969280602,5.2861034484958855,8.487454717851978,0.4488366348927695,True,walking_dual_task,P08,26,0.284
2026-04-03T01:32:27.016877,1309.2702498906453,81881,54,-6.523114550854169,-0.28065152804841864,5.181509357443813,8.335336102703904,0.15211861514807445,True,walking_dual_task,P08,26,0.284
2026-04-03T01:32:27.076016,1229.9465994761104,81951,58,-7.118991560300795,0.23661839689507286,5.289843305387607,8.87234305563853,0.5370069529346253,True,walking_dual_task,P08,26,0.284
2026-04-03T01:32:27.076522,1352.6954670575328,81951,57,-6.887110809992468,0.23047693128929073,5.002674231613373,8.515407470733276,0.3569355849052531,True,walking_dual_task,P08,26,0.284
2026-04-03T01:32:27.076989,1429.5308131985064,81992,56,-7.371577691755319,0.35730500780505486,5.269122832510752,9.068157473173555,0.5527500024402787,True,walking_dual_task,P08,26,0.284
2026-04-03T01:32:27.136088,1323.4175456149767,81992,56,-8.095108738508516,0.5066614468665976,5.246899741886268,9.660095662643517,0.5919381894699622,True,walking_dual_task,P08,26,0.284
2026-04-03T01:32:27.136362,1268.967107314968,82002,56,-8.236234696314167,0.4759119354662678,5.232047447383396,9.769154243575011,0.10905858093149412,True,walking_dual_task,P08,26,0.284
2026-04-03T01:32:27.136700,1308.7223594562702,82002,55,-9.262792803870356,1.0392517159633847,5.015415586060617,10.58460051950309,0.8154462759280783,True,walking_dual_task,P08,26,0.284
2026-04-03T01:32:27.195849,1278.3436187072643,81880,57,-9.32843898471563,0.9270998838920481,5.23368951292637,10.736423706429925,0.15182318692683516,True,walking_dual_task,P08,26,0.284
2026-04-03T01:32:27.196274,1389.9479609946595,81880,55,-10.340324237588296,0.7050513264211926,5.352485479236168,11.66484048398341,0.9284167775534851,True,walking_dual_task,P08,26,0.284
2026-04-03T01:32:27.196833,1301.5204080326344,81749,57,-10.563959110790233,0.114798079551748,5.678264743295008,11.993877654389504,0.32903717040609415,True,walking_dual_task,P08,26,0.284
2026-04-03T01:32:27.315779,1412.1111935757212,81749,57,-10.431126661444646,0.14852134911674658,5.348265596245572,11.723242167004347,0.27063548738515664,True,walking_dual_task,P08,26,0.284
2026-04-03T01:32:27.315965,1233.0725958381304,81631,56,-10.045475315546032,-0.4792315577852496,5.066845180447971,11.261179213734712,0.4620629532696352,True,walking_dual_task,P08,26,0.284
2026-04-03T01:32:27.316676,1327.1540798256847,81631,55,-9.972227106785597,-0.5688283067477956,5.0894403878347765,11.210320359971467,0.05085885376324484,True,walking_dual_task,P08,26,0.284
2026-04-03T01:32:27.317387,1369.9152748139065,81616,55,-9.969457776452087,-0.5421916027503038,5.056980982988995,11.19183259135278,0.018487768618687284,True,walking_dual_task,P08,26,0.284
2026-04-03T01:32:27.318181,1335.7444923776056,81616,55,-10.067730768924767,-0.29571627688606705,4.541977366114914,11.048810313616123,0.143022277736657,True,walking_dual_task,P08,26,0.284
2026-04-03T01:32:27.318751,1391.028426534957,81588,56,-10.051932071095248,-0.5150453690169398,4.65327355706395,11.088713401063695,0.03990308744757165,True,walking_dual_task,P08,26,0.284
2026-04-03T01:32:27.375453,1306.3159660290605,81588,57,-10.320262822528713,-0.021200603806743983,4.528188544362488,11.26999404103506,0.1812806399713658,True,walking_dual_task,P08,26,0.284
2026-04-03T01:32:27.375840,1292.2547831979148,81504,56,-10.008146150162172,0.23237871631419157,4.291358897896902,10.891866250618426,0.37812779041663447,True,walking_dual_task,P08,26,0.284
2026-04-03T01:32:27.376937,1346.1194697714254,81504,56,-10.103106229020975,0.2738166294154313,4.194503180170484,10.942649950989347,0.05078370037092128,True,walking_dual_task,P08,26,0.284
2026-04-03T01:32:27.435775,1312.551934783928,81487,54,-9.037235225511077,0.1959023791860125,3.9947083062951685,9.88269663177883,1.0599533192105177,True,walking_dual_task,P08,26,0.284
2026-04-03T01:32:27.436278,1320.9435652556017,81487,56,-8.91313682860409,0.15417476385414966,4.1541056368240294,9.834854936658763,0.04784169512006642,True,walking_dual_task,P08,26,0.284
2026-04-03T01:32:27.436845,1450.3090388748494,81518,55,-8.423112444700829,0.1185925531492359,3.9821052976944564,9.317727730067169,0.517127206591594,True,walking_dual_task,P08,26,0.284
2026-04-03T01:32:27.495643,1224.636296934514,81518,56,-8.33757627987071,-0.17043074994112561,3.9090014315364283,9.21002264139139,0.10770508867577888,True,walking_dual_task,P08,26,0.284
2026-04-03T01:32:27.496195,1362.7690723860992,81567,56,-8.344898093025288,-0.12590774604796423,4.08980521033806,9.294067118436379,0.08404447704498885,True,walking_dual_task,P08,26,0.284
2026-04-03T01:32:27.496814,1240.1856945278744,81567,58,-7.790410303267911,-0.5267898759259683,3.8392995257032463,8.70104712748449,0.5930199909518894,True,walking_dual_task,P08,26,0.284
2026-04-03T01:32:27.555743,1355.975150000176,81628,55,-7.849823637181875,-0.45650017968851264,4.07332655966318,8.855513130845235,0.15446600336074567,True,walking_dual_task,P08,26,0.284
2026-04-03T01:32:27.615508,1338.9219696221364,81628,56,-7.466099399504242,-0.6909670626262027,3.822435640710882,8.416120837552697,0.4393922932925385,True,walking_dual_task,P08,26,0.284
2026-04-03T01:32:27.615871,1314.3204891635141,81702,57,-7.6645213444183815,-0.6748180602784111,3.9219660080087886,8.636091953047933,0.21997111549523574,True,walking_dual_task,P08,26,0.284
2026-04-03T01:32:27.616526,1453.485057168035,81702,55,-7.4209174868683405,-0.7852378886563915,3.805036986857029,8.376450403365371,0.25964154968256103,True,walking_dual_task,P08,26,0.284
2026-04-03T01:32:27.617247,1346.4708137540672,81792,55,-7.545017359083363,-0.6737949689299707,3.923306680145141,8.530745683438003,0.15429528007263116,True,walking_dual_task,P08,26,0.284
2026-04-03T01:32:27.618164,1310.4207917989925,81792,56,-7.462835889527967,-0.6933637974860928,3.890440640332901,8.44453676915702,0.08620891428098254,True,walking_dual_task,P08,26,0.284
2026-04-03T01:32:27.675798,1365.8620513855806,81893,55,-7.484768965549836,-0.8116936993486821,3.816376284161726,8.44069553245065,0.0038412367063695996,True,walking_dual_task,P08,26,0.284
2026-04-03T01:32:27.676427,1414.432720644777,81893,56,-7.4873119040038985,-0.8928471911861604,3.755347236781058,8.423755013261404,0.016940519189246217,True,walking_dual_task,P08,26,0.284
2026-04-03T01:32:27.676724,1278.4344978036208,81784,55,-7.701529617768659,-0.7665750237194973,3.828492629374609,8.634729383920154,0.21097437065875013,True,walking_dual_task,P08,26,0.284
2026-04-03T01:32:27.735639,1303.4296439602338,81784,54,-7.638400231484044,-0.9216564438490021,3.832372607342117,8.595445799859952,0.03928358406020216,True,walking_dual_task,P08,26,0.284
2026-04-03T01:32:27.736183,1334.4808643466652,81677,55,-7.536051739543567,-0.8306612446265975,3.8022389571518533,8.481691754106928,0.11375404575302461,True,walking_dual_task,P08,26,0.284
2026-04-03T01:32:27.736770,1325.4454787661953,81677,55,-7.550429657077235,-0.9238350802659103,3.788341522598831,8.497881545058615,0.016189790951687044,True,walking_dual_task,P08,26,0.284
2026-04-03T01:32:27.795890,1325.454330862271,81552,56,-7.4958502233783095,-0.6978563624275465,3.8664525112676924,8.463109895055688,0.034771650002927146,True,walking_dual_task,P08,26,0.284
2026-04-03T01:32:27.856535,1382.508482132446,81552,54,-7.623455971053125,-0.8277167351434762,3.9963312267821394,8.647130114111627,0.1840202190559399,True,walking_dual_task,P08,26,0.284
2026-04-03T01:32:27.915997,1406.8103333296688,81443,55,-7.429317238391638,-0.9355144473858353,3.770484494392806,8.383704147474871,0.2634259666367562,True,walking_dual_task,P08,26,0.284
2026-04-03T01:32:27.975767,1384.5590098278299,81443,55,-11.418343392982754,-1.8688910164776393,5.8716628909972615,12.974889000567908,4.591184853093036,True,walking_dual_task,P08,26,0.284
2026-04-03T01:32:28.035783,1437.421725113319,81321,57,-9.87020464232557,-1.186047050650238,5.809443378770472,11.514220757779547,1.4606682427883602,True,walking_dual_task,P08,26,0.284
2026-04-03T01:32:28.095916,1364.7753615351633,81321,54,-9.779701128336344,-0.7450053741544395,6.16700349504567,11.585746384027559,0.07152562624801106,True,walking_dual_task,P08,26,0.284
2026-04-03T01:32:28.155668,1319.839428262106,81257,57,-9.635730977035378,-0.4692813994382009,6.330834891509275,11.538934392620883,0.0468119914066758,True,walking_dual_task,P08,26,0.284
2026-04-03T01:32:28.215720,1308.424921427093,81257,55,-9.415351256609476,-0.49832329505036466,6.369008516668518,11.378112096350765,0.16082229627011735,True,walking_dual_task,P08,26,0.284
2026-04-03T01:32:28.335811,1299.605176806914,81217,55,-8.470802408675311,-1.2475118041751285,6.153196137008097,10.543841892254791,0.834270204095974,True,walking_dual_task,P08,26,0.284
2026-04-03T01:32:28.395651,1399.2712863195582,81217,55,-7.502855369223731,-1.909869079305693,5.868985472920118,9.715216367787427,0.8286255244673644,True,walking_dual_task,P08,26,0.284
2026-04-03T01:32:28.455827,1342.7866120697458,81245,55,-7.317815735957789,-2.1759854238801224,6.07682135118396,9.757719889634846,0.04250352184741857,True,walking_dual_task,P08,26,0.284
2026-04-03T01:32:28.515782,1355.8074459082907,81245,57,-7.492547144962126,-2.6547612645920253,6.058424939473095,9.994525143231565,0.2368052535967191,True,walking_dual_task,P08,26,0.284
2026-04-03T01:32:28.575774,1458.5384837417048,81302,56,-7.427774806498697,-2.705215496268128,6.160003029461108,10.021759664863053,0.027234521631488207,True,walking_dual_task,P08,26,0.284
2026-04-03T01:32:28.635979,1224.683514148947,81302,55,-7.959115985306263,-3.0585975125429288,6.728712627696129,10.861773319187288,0.8400136543242347,True,walking_dual_task,P08,26,0.284
2026-04-03T01:32:28.695659,1311.8558946738553,81270,56,-7.92258221362536,-2.5507229724290195,6.588215290773309,10.614993044336359,0.2467802748509289,True,walking_dual_task,P08,26,0.284
2026-04-03T01:32:28.755774,1306.4691591633596,81270,56,-8.03643975673796,-2.469376001023244,6.832174996085172,10.83331883474494,0.21832579040858135,True,walking_dual_task,P08,26,0.284
2026-04-03T01:32:28.816094,1351.562462716167,81188,56,-7.350670282354166,-2.023862558001316,6.187642995066118,9.819129242858304,1.0141895918866357,True,walking_dual_task,P08,26,0.284
2026-04-03T01:32:28.875783,1234.367504096285,81188,56,-7.426399351896798,-1.9713729906063027,6.331209047955833,9.955999538512597,0.1368702956542922,True,walking_dual_task,P08,26,0.284
2026-04-03T01:32:28.876322,1375.029351682644,81192,56,-6.825795949324702,-1.9303267767083725,6.054753626206507,9.32618321076504,0.629816327747557,True,walking_dual_task,P08,26,0.284
2026-04-03T01:32:28.877044,1333.8129203994667,81192,55,-6.474003254346379,-1.7590470628595793,5.594974194531298,8.73559963277356,0.5905835779914792,True,walking_dual_task,P08,26,0.284
2026-04-03T01:32:28.877422,1290.2217749025046,81250,56,-6.666132893525128,-1.6744022606147486,5.461005950936437,8.778583979244754,0.042984346471193646,True,walking_dual_task,P08,26,0.284
2026-04-03T01:32:28.878032,1386.7737961274938,81250,56,-6.809279552159762,-1.5185760514171842,5.489906414378931,8.87758039569554,0.09899641645078638,True,walking_dual_task,P08,26,0.284
2026-04-03T01:32:28.878829,1263.795883052706,81329,55,-6.9550399920862755,-1.6048399181569135,5.450316653460651,8.980759660375053,0.10317926467951288,True,walking_dual_task,P08,26,0.284
2026-04-03T01:32:28.879504,1441.6535456674917,81329,55,-7.08870451184383,-1.4793713734156322,5.719221412754016,9.227554653580805,0.24679499320575182,True,walking_dual_task,P08,26,0.284
2026-04-03T01:32:28.880188,1305.0223943477904,81412,56,-6.654019147437688,-1.7511224820971802,5.568983793726837,8.851891394304706,0.37566325927609867,True,walking_dual_task,P08,26,0.284
2026-04-03T01:32:28.880870,1308.199576287514,81405,56,-9.269126568382552,-1.3192305585957311,5.909109417291318,11.07134367242518,2.219452278120473,True,walking_dual_task,P08,26,0.284
2026-04-03T01:32:28.881643,1417.392069425012,81396,57,-9.823833564715622,-1.499697750449469,6.15530501436318,11.689507220998708,0.6181635485735288,True,walking_dual_task,P08,26,0.284
2026-04-03T01:32:28.882272,1346.0697800237488,81237,56,-9.42946717800967,-0.6469159965070866,5.4276022674379085,10.89918427870616,0.7903229422925477,True,walking_dual_task,P08,26,0.284
2026-04-03T01:32:28.882994,1436.8689019660142,81193,58,-9.134366481581539,-0.05330269412237403,4.7277947451079365,10.28550122011131,0.6136830585948498,True,walking_dual_task,P08,26,0.284
2026-04-03T01:32:28.883681,1362.0375055654918,81328,56,-9.248593123790819,-0.03802651622388485,4.894044150861265,10.463727296520409,0.17822607640909816,True,walking_dual_task,P08,26,0.284
2026-04-03T01:32:28.884431,1242.956410511138,81324,57,-9.285096438713367,-0.1014634954307639,4.789305714900588,10.448002677444723,0.015724619075685453,True,walking_dual_task,P08,26,0.284
2026-04-03T01:32:28.885167,1267.7189804369611,81429,56,-9.323933865740466,0.02634678859789362,4.725589505227164,10.453115949700573,0.005113272255849566,True,walking_dual_task,P08,26,0.284
2026-04-03T01:32:28.885892,1417.425311362547,81519,58,-9.19713922987215,0.0999566282631839,4.71852214087893,10.337398731554844,0.1157172181457291,True,walking_dual_task,P08,26,0.284
2026-04-03T01:32:28.886825,1306.9045957816606,81674,56,-7.268326232552001,-0.14191540715932405,4.308350063218766,8.450478475969861,1.8869202555849824,True,walking_dual_task,P08,26,0.284
2026-04-03T01:32:28.935616,1300.2154032048638,81724,55,-8.01621806646541,-1.3753928961150115,4.866349429959197,9.47801743416176,1.027538958191899,True,walking_dual_task,P08,26,0.284
2026-04-03T01:32:28.935985,1344.5283158647474,81697,56,-8.922809132291823,-2.3058996157684537,5.243735709153105,10.60332306575438,1.125305631592619,True,walking_dual_task,P08,26,0.284
2026-04-03T01:32:28.936745,1337.4311391160686,81697,55,-9.639144293123769,-2.5935692449149093,5.608118133026917,11.44948440436574,0.8461613386113616,True,walking_dual_task,P08,26,0.284
2026-04-03T01:32:29.055995,1394.6341590757675,81567,56,-9.513238541372916,-2.3905240488686594,5.698921730354637,11.34433874943757,0.10514565492817063,True,walking_dual_task,P08,26,0.284
2026-04-03T01:32:29.056215,1381.9304948387035,81567,56,-8.9990559163172,-2.182952456240689,5.817818318104009,10.935963551222974,0.4083751982145962,True,walking_dual_task,P08,26,0.284
2026-04-03T01:32:29.056830,1396.3854811623437,81481,55,-9.03084543163368,-2.27509088695893,5.914321765352729,11.032289413268105,0.0963258620451306,True,walking_dual_task,P08,26,0.284
2026-04-03T01:32:29.057410,1297.5808837683423,81481,56,-8.803335999605025,-1.383190318231816,6.099698701308082,10.798993676502063,0.23329573676604198,True,walking_dual_task,P08,26,0.284
2026-04-03T01:32:29.058010,1430.7578755685624,81483,57,-9.029970957988917,-0.6917560635854982,5.861909394134563,10.787997205166194,0.010996471335868563,True,walking_dual_task,P08,26,0.284
2026-04-03T01:32:29.059034,1344.3271958420135,81483,56,-9.044067688329227,-0.5634664412797877,6.071429864712738,10.907562302533734,0.11956509736753951,True,walking_dual_task,P08,26,0.284
2026-04-03T01:32:29.116005,1358.806807881624,81519,55,-9.086807968290616,-1.5064039469864112,6.131001392558732,11.064741749342511,0.1571794468087777,True,walking_dual_task,P08,26,0.284
2026-04-03T01:32:29.175715,1289.0476025381427,81519,55,-9.07631867617572,-1.267972252613979,6.028149766386561,10.969316476010778,0.0954252733317329,True,walking_dual_task,P08,26,0.284
2026-04-03T01:32:29.235831,1368.7294096713792,81546,56,-8.789715309812246,-3.3010346021528987,6.695563234749556,11.531976920835753,0.5626604448249743,True,walking_dual_task,P08,26,0.284
2026-04-03T01:32:29.295676,1339.7185253481555,81546,56,-8.466381046615663,-3.7021976921987747,6.643678615884249,11.380876123118664,0.1511007977170884,True,walking_dual_task,P08,26,0.284
2026-04-03T01:32:29.355865,1360.234107080529,81567,55,-8.352668643747558,-3.5670809068741374,6.545004659819376,11.195008962278102,0.1858671608405622,True,walking_dual_task,P08,26,0.284
2026-04-03T01:32:29.415847,1237.5702237943292,81567,58,-7.990445709991208,-3.215078431768721,5.982813450652889,10.487040037687205,0.7079689245908973,True,walking_dual_task,P08,26,0.284
2026-04-03T01:32:29.475970,1325.696974805333,81525,55,-7.789928670042158,-3.08764854270401,6.030374201634925,10.32385466864732,0.16318536903988523,True,walking_dual_task,P08,26,0.284
2026-04-03T01:32:29.535644,1196.7484059949409,81525,57,-7.828664913320333,-2.4113993613406577,5.61229789561658,9.92978997129694,0.3940646973503803,True,walking_dual_task,P08,26,0.284
2026-04-03T01:32:29.595592,1450.4481373854333,81436,56,-7.57617634513588,-2.286308989190629,5.592926235314888,9.690535624016038,0.23925434728090167,True,walking_dual_task,P08,26,0.284
2026-04-03T01:32:29.656019,1295.639112798673,81436,55,-7.612256405498175,-2.3002443274265847,5.588708862322075,9.719631592642978,0.029095968626940305,True,walking_dual_task,P08,26,0.284
2026-04-03T01:32:29.715757,1275.503983660086,81416,54,-7.40724364383037,-2.6485180200506906,5.309061089135671,9.490418101947515,0.2292134906954626,True,walking_dual_task,P08,26,0.284
2026-04-03T01:32:29.775493,1416.7000276627405,81416,55,-7.768914646134709,-2.737317911145053,5.306486956138633,9.7983543486277,0.3079362466801854,True,walking_dual_task,P08,26,0.284
2026-04-03T01:32:29.835711,1291.5361175642474,81454,54,-6.962288067566748,-2.539685222382538,5.196802295504313,9.051530824293174,0.7468235243345269,True,walking_dual_task,P08,26,0.284
2026-04-03T01:32:29.895801,1355.2637765223071,81454,56,-6.783278174426397,-2.3085051707398323,5.1581451726537555,8.828845934614177,0.22268488967899636,True,walking_dual_task,P08,26,0.284
2026-04-03T01:32:29.955807,1364.5677948065195,81484,55,-6.66931104428717,-2.3329415375357088,5.2586492387595465,8.807707865234669,0.021138069379508906,True,walking_dual_task,P08,26,0.284
2026-04-03T01:32:30.076007,1306.7198533422597,81484,55,-6.713667701376312,-2.190657334159509,5.473138009407084,8.934626641904343,0.12691877666967422,True,walking_dual_task,P08,26,0.284
2026-04-03T01:32:30.135921,1436.7585609069672,81486,57,-6.740119194583919,-2.1359960397113427,5.439642666389689,8.920840665367152,0.013785976537191047,True,walking_dual_task,P08,26,0.284
2026-04-03T01:32:30.195873,1252.3881893532703,81486,55,-6.707820511291918,-2.1507425840093823,5.5681764539858305,8.97915022132396,0.05830955595680898,True,walking_dual_task,P08,26,0.284
2026-04-03T01:32:30.255909,1434.2137452773784,81488,57,-6.582455879377588,-2.4301163094525764,5.82488433214143,9.119400647205204,0.14025042588124315,True,walking_dual_task,P08,26,0.284
2026-04-03T01:32:30.315752,1382.8216638209947,81488,55,-6.649850381584808,-2.3895805301673616,5.745704258219322,9.107344433507398,0.012056213697805518,True,walking_dual_task,P08,26,0.284
2026-04-03T01:32:30.375795,1465.2040916736644,81377,56,-7.101989669941543,-2.335647299734075,6.491388582965972,9.901092430422636,0.7937479969152381,True,walking_dual_task,P08,26,0.284
2026-04-03T01:32:30.435796,1340.8344208321555,81377,56,-7.38899558423204,-2.1672754786517108,6.732239345906047,10.228264044046334,0.3271716136236975,True,walking_dual_task,P08,26,0.284
2026-04-03T01:32:30.495795,1383.7015858395368,81251,56,-7.254650508531308,-2.2924345316278445,6.78390918748918,10.193460351952789,0.03480369209354528,True,walking_dual_task,P08,26,0.284
2026-04-03T01:32:30.556156,1270.935325587191,81251,57,-7.714063124945045,-2.112827260395369,6.742002535598447,10.460659975255988,0.267199623303199,True,walking_dual_task,P08,26,0.284
2026-04-03T01:32:30.616350,1401.6514760014065,81175,54,-7.726215789392868,-1.9376912383112974,6.5454809901893505,10.309819549935012,0.1508404253209754,True,walking_dual_task,P08,26,0.284
2026-04-03T01:32:30.675926,1317.0919440928315,81060,57,-7.642472742136091,-2.0146822212786533,6.730089290270572,10.380772414519262,0.07095286458424965,True,walking_dual_task,P08,26,0.284
2026-04-03T01:32:30.795957,1316.1739193871238,81034,57,-7.707539357785875,-2.155525071311045,6.716521647679808,10.448163203578908,0.06739078905964568,True,walking_dual_task,P08,26,0.284
2026-04-03T01:32:30.855709,1469.7847680499956,81262,55,-7.603936193182402,-2.0951214552546444,6.794944483233031,10.410602771812812,0.0375604317660958,True,walking_dual_task,P08,26,0.284
2026-04-03T01:32:30.915763,1371.085875707004,81500,56,-7.739076076102574,-2.109509831443385,6.6806423343337995,10.439076215832149,0.028473444019336824,True,walking_dual_task,P08,26,0.284
2026-04-03T01:32:30.975758,1237.236451138426,81581,56,-7.715433304617827,0.4526658691874378,4.277446157561782,8.833423067982945,1.6056531478492033,True,walking_dual_task,P08,26,0.284
2026-04-03T01:32:31.036062,1329.4270446998964,81557,56,-7.616211955250642,-0.06850650726943863,4.858795633451739,9.034338531209174,0.2009154632262291,True,walking_dual_task,P08,26,0.284
2026-04-03T01:32:31.095633,1395.5333523020945,81534,56,-7.7229264324774585,-0.6152444458545203,5.650732339368,9.589207182076796,0.5548686508676219,True,walking_dual_task,P08,26,0.284
2026-04-03T01:32:31.155984,1492.423396571177,81533,57,-7.469461099536045,-0.19702377099532567,4.6222216211155835,8.786159581895141,0.8030476001816549,True,walking_dual_task,P08,26,0.284
2026-04-03T01:32:31.215547,1370.7852105822992,81620,56,-7.992047331229837,-0.8728524285428393,4.607772736506256,9.266404993195659,0.48024541130051723,True,walking_dual_task,P08,26,0.284
2026-04-03T01:32:31.216239,1334.869376061627,81670,57,-9.840649658301201,-1.6459940523650083,5.235021493809705,11.26734805349041,2.0009430602947518,True,walking_dual_task,P08,26,0.284
2026-04-03T01:32:31.216992,1307.8577355273362,81715,56,-9.956108329685282,-1.1049122509784752,5.631498859443648,11.491679753574152,0.22433170008374148,True,walking_dual_task,P08,26,0.284
2026-04-03T01:32:31.217428,1370.2685362181942,81743,54,-9.520656012384592,0.11556393301657067,5.113638741268552,10.807661500295602,0.6840182532785501,True,walking_dual_task,P08,26,0.284
2026-04-03T01:32:31.218493,1322.4849269150245,81733,55,-8.836809184554262,-0.41697111589380625,5.2149431354719455,10.269308320520826,0.5383531797747754,True,walking_dual_task,P08,26,0.284
2026-04-03T01:32:31.218918,1363.6358362285894,81776,55,-9.13527205551888,-2.7292961681032635,6.330729927441223,11.444666640657005,1.1753583201361781,True,walking_dual_task,P08,26,0.284
2026-04-03T01:32:31.219453,1208.110287590338,81833,54,-8.482813891001648,-2.064309702826402,5.696520401458508,10.424483236246617,1.0201834044103872,True,walking_dual_task,P08,26,0.284
2026-04-03T01:32:31.220163,1311.2473372481916,81889,53,-8.34987915352724,-1.9439136184116679,5.541734129995223,10.208334790841699,0.21614844540491873,True,walking_dual_task,P08,26,0.284
2026-04-03T01:32:31.220849,1368.7573111054967,81657,54,-8.411166496526324,-2.1376649471517313,5.7527385721271,10.412076370148611,0.2037415793069126,True,walking_dual_task,P08,26,0.284
2026-04-03T01:32:31.221592,1337.1360523030287,81733,56,-8.466297414912702,-2.108184104262419,5.821619735215032,10.488750567949806,0.07667419780119467,True,walking_dual_task,P08,26,0.284
2026-04-03T01:32:31.222326,1381.776773056445,82137,54,-8.519280793029537,-2.070509158219352,5.66670104478421,10.439188384913392,0.04956218303641435,True,walking_dual_task,P08,26,0.284
2026-04-03T01:32:31.222998,1399.5548302727611,82167,55,-8.860621297818236,-0.9740282684800573,5.891667606116413,10.685087179434236,0.24589879452084418,True,walking_dual_task,P08,26,0.284
2026-04-03T01:32:31.223686,1380.7049205674598,82040,55,-9.501834103400038,-0.7166212303733385,6.521179295586033,11.546608884063657,0.8615217046294212,True,walking_dual_task,P08,26,0.284
2026-04-03T01:32:31.224377,1472.348425007387,81910,57,-8.990904454612512,-1.0513482400851506,6.052522151850659,10.889202010824492,0.6574068732391645,True,walking_dual_task,P08,26,0.284
2026-04-03T01:32:31.225405,1326.263974105076,81923,56,-9.28341751381604,-1.001921428988274,5.3969781680163385,10.78485329671838,0.1043487141061128,True,walking_dual_task,P08,26,0.284
2026-04-03T01:32:31.275684,1302.1601335111518,81981,55,-8.610163295952685,-0.8436484167080003,4.399988306867567,9.706005962009092,1.0788473347092875,True,walking_dual_task,P08,26,0.284
2026-04-03T01:32:31.335500,1430.155069853516,82100,55,-8.524413086431748,-0.7677748867865287,3.9676292954977685,9.433831616655082,0.27217434535400997,True,walking_dual_task,P08,26,0.284
2026-04-03T01:32:31.336099,1414.9490617850572,82171,54,-7.887400152372906,-0.8820409680679482,4.091738633435896,8.929244227668669,0.5045873889864136,True,walking_dual_task,P08,26,0.284
2026-04-03T01:32:31.336685,1351.048148776314,82171,53,-7.523817522385991,-0.9114404014578459,4.499431652370384,8.813820902986661,0.11542332468200733,True,walking_dual_task,P08,26,0.284
2026-04-03T01:32:31.337282,1341.8279063311243,82119,55,-7.631827797136569,-0.31835211179236117,4.444480228919855,8.837394870519736,0.023573967533074836,True,walking_dual_task,P08,26,0.284
2026-04-03T01:32:31.337996,1406.4854956164536,82119,55,-7.841987431660648,-0.4849562199373858,4.578939452768768,9.09387903623651,0.256484165716774,True,walking_dual_task,P08,26,0.284
2026-04-03T01:32:31.338729,1317.9682511228616,82053,56,-7.988703131878343,0.12461078634662204,4.553262205162134,9.196037314317222,0.10215827808071154,True,walking_dual_task,P08,26,0.284
2026-04-03T01:32:31.339426,1413.6876099929596,82053,54,-7.925708046617567,-0.00025969435437382324,4.60891111982873,9.168364620702022,0.02767269361519986,True,walking_dual_task,P08,26,0.284
2026-04-03T01:32:31.395847,1399.5508447021634,82026,54,-8.305856689808488,-0.2797962306641302,4.407187627321994,9.4068509111578,0.23848629045577852,True,walking_dual_task,P08,26,0.284
2026-04-03T01:32:31.515879,1353.886000234528,82026,56,-8.398750014622285,-0.7128562757657879,4.713844537837501,9.657509834575212,0.25065892341741147,True,walking_dual_task,P08,26,0.284
2026-04-03T01:32:31.516283,1301.5710322932134,81988,55,-8.316320234194245,-0.6201884195239089,4.7251958903638425,9.585055665758626,0.07245416881658606,True,walking_dual_task,P08,26,0.284
2026-04-03T01:32:31.516952,1280.2783410832894,81988,56,-8.73100378953904,-1.198920999407534,5.2170520767955555,10.241360803514455,0.6563051377558295,True,walking_dual_task,P08,26,0.284
2026-04-03T01:32:31.517498,1354.4811748371692,81906,55,-8.947326777520527,-1.1108430638132618,5.018841900403634,10.318788824150102,0.07742802063564724,True,walking_dual_task,P08,26,0.284
2026-04-03T01:32:31.518584,1320.5531005101218,81906,54,-8.854549156551352,-1.0899832173601796,4.920745107071522,10.188465860407023,0.1303229637430796,True,walking_dual_task,P08,26,0.284
2026-04-03T01:32:31.519061,1410.0244330499056,81773,56,-10.108191466739425,-1.5413168435123257,5.1872485225715526,11.46554576002727,1.2770798996202473,True,walking_dual_task,P08,26,0.284
2026-04-03T01:32:31.575567,1347.6037492285166,81773,54,-9.910557755334208,-1.5471698426103828,5.247596171824952,11.320342535729647,0.14520322429762267,True,walking_dual_task,P08,26,0.284
2026-04-03T01:32:31.576390,1300.098922288206,81684,56,-10.09341108232482,-1.7165977151981424,5.027526196848872,11.40612443613617,0.08578190040652345,True,walking_dual_task,P08,26,0.284
2026-04-03T01:32:31.576932,1328.945376864989,81684,56,-9.744520204845115,-1.1382908544224772,5.3704683429959434,11.184512073175929,0.22161236296024178,True,walking_dual_task,P08,26,0.284
2026-04-03T01:32:31.577494,1344.6522476803,81717,54,-9.688191770956449,-1.0721716936072223,5.398294076149533,11.14236020168043,0.04215187149549848,True,walking_dual_task,P08,26,0.284
2026-04-03T01:32:31.578115,1324.0049869375005,81717,55,-9.729395808294921,-1.0556660751778912,5.544564440859396,11.248011757443658,0.10565155576322738,True,walking_dual_task,P08,26,0.284
2026-04-03T01:32:31.635817,1364.0360596888493,81769,54,-9.665106232690047,-1.1437816333999649,5.522386358865267,11.19014146517676,0.057870292266898105,True,walking_dual_task,P08,26,0.284
2026-04-03T01:32:31.636123,1362.4444430504072,81769,54,-9.792571245798976,-1.1494097207057345,5.492601402613112,11.286463772062943,0.09632230688618293,True,walking_dual_task,P08,26,0.284
2026-04-03T01:32:31.636852,1328.703635102389,81728,54,-9.815389932614414,-1.0250273757922164,5.535440572042584,11.315196108641114,0.028732336578171314,True,walking_dual_task,P08,26,0.284
2026-04-03T01:32:31.695796,1317.5602923107965,81728,55,-9.523485796553086,-1.0410497096707376,5.535339439454735,11.064381994722387,0.250814113918727,True,walking_dual_task,P08,26,0.284
2026-04-03T01:32:31.696140,1371.1146961024967,81673,55,-9.686262662457255,-0.956564664029078,5.5497169743244115,11.20437677060563,0.1399947758832436,True,walking_dual_task,P08,26,0.284
2026-04-03T01:32:31.696864,1264.325170984175,81673,57,-9.730265654739952,-1.1867093068905925,5.533503352388033,11.256376328186716,0.051999557581085654,True,walking_dual_task,P08,26,0.284
2026-04-03T01:32:31.816131,1270.1682689509055,81682,55,-9.662189714334682,-1.0409758221403305,5.4184573227227295,11.126599682573433,0.1297766456132834,True,walking_dual_task,P08,26,0.284
2026-04-03T01:32:31.816155,1360.2618742699324,81682,55,-9.748096856323663,-1.086836856937484,5.536442732897384,11.263161403820744,0.13656172124731114,True,walking_dual_task,P08,26,0.284
2026-04-03T01:32:31.816691,1379.442644907237,81699,57,-9.68852510984886,-1.0853439090699035,5.4114357961778285,11.15029719699353,0.11286420682721499,True,walking_dual_task,P08,26,0.284
2026-04-03T01:32:31.817656,1285.9698321291958,81699,56,-9.602938437026026,-1.0167345282956886,5.653048182957542,11.189599165527785,0.039301968534255494,True,walking_dual_task,P08,26,0.284
2026-04-03T01:32:31.875627,1270.3000322338273,81681,55,-9.694422515846373,-1.0278834075508594,5.57749624543272,11.231510877129736,0.041911711601951396,True,walking_dual_task,P08,26,0.284
2026-04-03T01:32:31.876043,1370.1937264853248,81681,55,-8.566341169350967,-0.9305866434719218,6.219769991196094,10.627028336939215,0.6044825401905207,True,walking_dual_task,P08,26,0.284
2026-04-03T01:32:31.876710,1365.8072016892274,81662,55,-7.945142125863489,-0.4387255157193334,5.6948192376857385,9.785127982210012,0.8419003547292032,True,walking_dual_task,P08,26,0.284
2026-04-03T01:32:31.877494,1295.9235413469835,81662,55,-7.987334923885542,-0.6440000289680965,5.5306568535191145,9.736550747313471,0.0485772348965412,True,walking_dual_task,P08,26,0.284
2026-04-03T01:32:31.878012,1249.7785083083131,81646,55,-7.290252625989148,-0.327312269141092,5.018472567855924,8.856635003577509,0.8799157437359622,True,walking_dual_task,P08,26,0.284
2026-04-03T01:32:31.935792,1407.6064221384993,81646,54,-6.833928787502907,-0.4423071237948046,4.973783425985343,8.46384899635072,0.392786007226789,True,walking_dual_task,P08,26,0.284
2026-04-03T01:32:31.936066,1356.4343392726903,81584,54,-6.79634001394427,-0.6057262374720951,4.848830343642624,8.370680830215159,0.09316816613556078,True,walking_dual_task,P08,26,0.284
2026-04-03T01:32:31.937062,1241.7416435873427,81584,54,-6.7105286381222236,-1.0442026018597659,5.018535939112735,8.444362418143559,0.07368158792839985,True,walking_dual_task,P08,26,0.284
2026-04-03T01:32:31.995752,1326.969229639187,81579,55,-6.640951869067751,-0.8607806566216611,4.983330301295868,8.347260985371312,0.09710143277224681,True,walking_dual_task,P08,26,0.284
2026-04-03T01:32:31.995953,1387.5394972776562,81579,55,-6.80474823227899,-1.4780180929616038,5.397270153396151,8.810202103048875,0.46294111767756263,True,walking_dual_task,P08,26,0.284
2026-04-03T01:32:31.996795,1277.494920624908,81617,55,-6.836053550515281,-1.5493617830134587,5.345197858152293,8.814946977887676,0.004744874838801039,True,walking_dual_task,P08,26,0.284
2026-04-03T01:32:32.055634,1267.6787009359184,81617,54,-7.1125421176717945,-1.736522878108497,5.779020433751751,9.327424309827963,0.5124773319402873,True,walking_dual_task,P08,26,0.284
2026-04-03T01:32:32.056365,1349.1199776021936,81592,54,-8.09737768925811,-1.6832966713132906,5.77677226741538,10.088216440765377,0.7607921309374142,True,walking_dual_task,P08,26,0.284
2026-04-03T01:32:32.056895,1428.2583471084035,81592,55,-8.20270332123966,-1.5386566085797464,5.851096499914781,10.192503921349124,0.10428748058374637,True,walking_dual_task,P08,26,0.284
2026-04-03T01:32:32.115684,1453.227272723503,81539,54,-8.84463964818456,-1.4045611374428937,5.733638073452541,10.633675190281004,0.4411712689318801,True,walking_dual_task,P08,26,0.284
2026-04-03T01:32:32.116183,1259.1370125429883,81539,55,-9.043511035966807,-1.441595067703501,5.82747023709163,10.85461641703977,0.22094122675876626,True,walking_dual_task,P08,26,0.284
2026-04-03T01:32:32.116749,1410.0775998764109,81463,56,-9.423172883370077,-1.1746654746000242,5.9026278594726165,11.181101994639022,0.3264855775992519,True,walking_dual_task,P08,26,0.284
2026-04-03T01:32:32.175671,1343.764196769222,81463,54,-9.119880461035777,-1.0807688522799552,5.814302324969713,10.86951666182949,0.31158533280953193,True,walking_dual_task,P08,26,0.284
2026-04-03T01:32:32.176032,1325.3518827391501,81393,54,-9.429133647668841,-1.0050919458336565,5.9280943099636945,11.18307083555337,0.3135541737238796,True,walking_dual_task,P08,26,0.284
2026-04-03T01:32:32.176852,1287.2183135978635,81393,54,-8.620721798484354,-0.8702077528716341,5.4849034112768384,10.254670706124966,0.9284001294284039,True,walking_dual_task,P08,26,0.284
2026-04-03T01:32:32.235575,1352.6432524131626,81379,54,-8.639712682102004,-0.9784530751259078,5.625920757711091,10.356301947198242,0.10163124107327626,True,walking_dual_task,P08,26,0.284
2026-04-03T01:32:32.236171,1307.810554340839,81379,54,-8.558037174159015,-0.5257396137602344,5.394433527380985,10.12997114986496,0.2263307973332811,True,walking_dual_task,P08,26,0.284
2026-04-03T01:32:32.236783,1320.5876650536004,81401,55,-8.44320990498746,-0.8298318972326632,5.137882986534517,9.918379709441655,0.21159144042330524,True,walking_dual_task,P08,26,0.284
2026-04-03T01:32:32.295605,1342.87599746248,81401,56,-8.52081754035233,-0.6842368935105566,5.283642015209283,10.049347472711933,0.13096776327027726,True,walking_dual_task,P08,26,0.284
2026-04-03T01:32:32.296228,1403.4559762709482,81420,55,-8.701549401721474,-0.900890451281867,5.169553475203655,10.161340892264189,0.11199341955225606,True,walking_dual_task,P08,26,0.284
2026-04-03T01:32:32.296919,1302.0490602880172,81420,56,-9.016710833938575,-0.7294542527952798,4.913573753815038,10.294483221802171,0.1331423295379821,True,walking_dual_task,P08,26,0.284
2026-04-03T01:32:32.355783,1325.8114322949132,81407,55,-8.838465159354193,-0.6715961187580862,5.0739200541051535,10.213430982549367,0.08105223925280391,True,walking_dual_task,P08,26,0.284
2026-04-03T01:32:32.356107,1356.2442440978577,81407,53,-9.15147595078681,-0.5601898608389086,5.265481873680848,10.573013956298254,0.35958297374888737,True,walking_dual_task,P08,26,0.284
2026-04-03T01:32:32.356788,1321.0892256963964,81370,56,-9.277138706021484,-0.5555830973695672,5.004467367755653,10.555504193726415,0.017509762571839005,True,walking_dual_task,P08,26,0.284
2026-04-03T01:32:32.415901,1363.98291737762,81370,54,-9.187773809018328,-0.4816129491364305,4.93886921311967,10.44220128625954,0.11330290746687588,True,walking_dual_task,P08,26,0.284
2026-04-03T01:32:32.416092,1306.276289011873,81348,55,-8.505715292135799,-0.1276745472346298,4.624802467082135,9.682576686007364,0.7596246002521756,True,walking_dual_task,P08,26,0.284
2026-04-03T01:32:32.416853,1299.7717334858662,81348,55,-8.58035882632546,-0.171608879761858,4.678398251742946,9.77442670431498,0.09185001830761585,True,walking_dual_task,P08,26,0.284
2026-04-03T01:32:32.535813,1321.3351050109493,81357,55,-8.101808466853768,-0.04979477717963529,4.18771190694221,9.120236343920224,0.6541903603947556,True,walking_dual_task,P08,26,0.284
2026-04-03T01:32:32.536225,1330.1545757061228,81357,57,-8.188468730859917,-0.040640959901882226,4.256652376252886,9.228854820407118,0.10861847648689427,True,walking_dual_task,P08,26,0.284
2026-04-03T01:32:32.536846,1379.7977928056528,81336,54,-7.857446549650655,-0.16024759890691445,3.8718422847993486,8.761067757524346,0.4677870628827723,True,walking_dual_task,P08,26,0.284
2026-04-03T01:32:32.537450,1320.7555572274796,81336,55,-7.607624867424639,-0.39377327784673727,3.6937008945360086,8.466075821542118,0.29499193598222817,True,walking_dual_task,P08,26,0.284
2026-04-03T01:32:32.538141,1281.4892103182306,81232,54,-7.549095740022567,-0.3396778280911062,3.680035595222505,8.405170402854914,0.060905418687204005,True,walking_dual_task,P08,26,0.284
2026-04-03T01:32:32.595703,1326.6550891403056,81232,56,-8.030668687527978,-0.5774574958369886,3.749542586396636,8.881675874267346,0.47650547141243216,True,walking_dual_task,P08,26,0.284
2026-04-03T01:32:32.596080,1257.1124841619703,81153,56,-7.75104259163459,-0.4195548093455167,3.7667913067287384,8.628059123802155,0.2536167504651914,True,walking_dual_task,P08,26,0.284
2026-04-03T01:32:32.596786,1388.1753320227588,81153,55,-8.05955627690188,-0.3894469392099277,3.8197777405218796,8.927419463988175,0.29936034018601987,True,walking_dual_task,P08,26,0.284
2026-04-03T01:32:32.597531,1336.0394933100147,81141,55,-8.1184593948655,-0.48354214950413765,3.855103703698045,9.000278913605587,0.07285944961741286,True,walking_dual_task,P08,26,0.284
2026-04-03T01:32:32.655797,1408.6034400550805,81141,55,-7.906087885206403,-0.6362627360864984,3.7638555650565837,8.77938862521458,0.22089028839100777,True,walking_dual_task,P08,26,0.284
2026-04-03T01:32:32.656170,1250.790213954657,81166,54,-7.942653585024742,-0.615772947484736,3.8294429140757784,8.839092449269078,0.059703824054498256,True,walking_dual_task,P08,26,0.284
2026-04-03T01:32:32.656881,1323.5597398265925,81166,55,-8.086250936541493,-0.5771984460317292,3.831673487261779,8.966734855442335,0.12764240617325662,True,walking_dual_task,P08,26,0.284
2026-04-03T01:32:32.715700,1345.4827241224434,81236,54,-7.8932832362448835,-0.581726518764129,3.7673728497305388,8.765581793532288,0.20115306191004656,True,walking_dual_task,P08,26,0.284
2026-04-03T01:32:32.716119,1382.0346214967017,81236,53,-7.9364576386101255,-0.4523054586155384,3.8832462361055375,8.84712051503619,0.08153872150390207,True,walking_dual_task,P08,26,0.284
2026-04-03T01:32:32.716888,1340.6069270970352,81363,55,-8.025428649776126,-0.7951900619758401,3.6899921141004692,8.868814692473636,0.02169417743744617,True,walking_dual_task,P08,26,0.284
2026-04-03T01:32:32.775666,1377.0089171804232,81363,55,-7.9032683461211315,-0.5979024036117478,3.921250528463704,8.84281310115858,0.026001591315056416,True,walking_dual_task,P08,26,0.284
2026-04-03T01:32:32.776241,1402.4829735351866,81406,56,-8.234532003421076,-0.5430167471278571,3.782601035191633,9.078020439195985,0.23520733803740512,True,walking_dual_task,P08,26,0.284
2026-04-03T01:32:32.776864,1320.5600207312068,81406,54,-7.902968647410047,-0.4036078114959014,3.6863384035845637,8.72977110428384,0.34824933491214516,True,walking_dual_task,P08,26,0.284
2026-04-03T01:32:32.835582,1306.2789373244796,81345,55,-8.088529911239894,-0.576266552448752,3.7190564472549883,8.92119835685557,0.19142725257172977,True,walking_dual_task,P08,26,0.284
2026-04-03T01:32:32.836135,1359.0169155893125,81345,56,-12.007326582048256,-2.5355572061619625,5.467815213792738,13.435101235415601,4.513902878560032,True,walking_dual_task,P08,26,0.284
2026-04-03T01:32:32.836851,1295.62171759944,81214,55,-12.507808306766064,-2.323009433265087,5.227339539263665,13.75378930057437,0.3186880651587689,True,walking_dual_task,P08,26,0.284
2026-04-03T01:32:32.955963,1407.8874503254942,81214,55,-12.38575611864128,-2.2607701668658104,5.460545407962332,13.723541544742337,0.030247755832032652,True,walking_dual_task,P08,26,0.284
2026-04-03T01:32:33.015982,1185.6031188476481,81176,54,-10.865496949680923,-1.75133060639367,4.866361962926158,12.033605511675676,1.6899360330666617,True,walking_dual_task,P08,26,0.284
2026-04-03T01:32:33.016814,1270.9299314666623,81176,54,-9.330919748087643,-1.079690656202283,4.821224538005841,10.558219608637248,1.4753859030384273,True,walking_dual_task,P08,26,0.284
2026-04-03T01:32:33.075703,1334.8790606962125,81268,53,-9.152278468257649,-1.0672974556457497,4.944708929895289,10.457221018069125,0.10099859056812299,True,walking_dual_task,P08,26,0.284
2026-04-03T01:32:33.076411,1404.24433254907,81268,56,-8.754421874777208,-0.2980400252851565,5.182075364356513,10.177555467798756,0.2796655502703693,True,walking_dual_task,P08,26,0.284
2026-04-03T01:32:33.076752,1280.3894922982095,81347,55,-8.754303237308712,-0.47947216261174436,5.056601170783278,10.121113284903009,0.056442182895747095,True,walking_dual_task,P08,26,0.284
2026-04-03T01:32:33.077636,1341.982253022815,81347,54,-7.892737281355979,-0.4437737165991329,5.152633882142371,9.436200126504966,0.684913158398043,True,walking_dual_task,P08,26,0.284
2026-04-03T01:32:33.135657,1375.0291470744503,81362,54,-7.74652177648196,-0.33935037740348734,5.004401924261168,9.228640036955715,0.20756008954925065,True,walking_dual_task,P08,26,0.284
2026-04-03T01:32:33.136052,1337.4901076779315,81362,56,-7.37461578406678,-1.3296544809098865,4.87377774125801,8.939051877710112,0.28958815924560355,True,walking_dual_task,P08,26,0.284
2026-04-03T01:32:33.136697,1308.0469579743724,81432,54,-7.797468522382177,-1.8767495807230596,4.515740142608106,9.204054181818321,0.2650023041082097,True,walking_dual_task,P08,26,0.284
2026-04-03T01:32:33.137281,1349.7717457109911,81432,56,-7.8393487755068785,-1.9378572946131993,4.632345701361361,9.309635160157882,0.10558097833956026,True,walking_dual_task,P08,26,0.284
2026-04-03T01:32:33.138015,1382.6447074499083,81505,57,-8.802306035408888,-1.8688358343020317,4.786599963566204,10.192383338933986,0.8827481787761045,True,walking_dual_task,P08,26,0.284
2026-04-03T01:32:33.138812,1379.5029764606459,81505,54,-8.680353930088517,-1.938865761923352,4.710011357248583,10.064390283557788,0.12799305537619787,True,walking_dual_task,P08,26,0.284
2026-04-03T01:32:33.255712,1214.8428778639702,81429,54,-9.525292841164944,-1.6593990208275184,4.802526512404751,10.795789444159329,0.7313991606015406,True,walking_dual_task,P08,26,0.284
2026-04-03T01:32:33.256095,1387.436736144676,81429,55,-8.73045575716464,-1.1066609227678745,4.9668569586599585,10.105207774884171,0.6905816692751579,True,walking_dual_task,P08,26,0.284
2026-04-03T01:32:33.256760,1378.872741740101,81199,56,-8.672058017636965,-0.9040041546067407,4.795679898225504,9.950897419783404,0.15431035510076718,True,walking_dual_task,P08,26,0.284
2026-04-03T01:32:33.257342,1302.8749234278337,81199,55,-7.70304246639741,-0.2046873200721025,4.583287801682388,8.965784249644354,0.9851131701390496,True,walking_dual_task,P08,26,0.284
2026-04-03T01:32:33.258057,1389.1558858937735,81127,55,-7.57291081604721,-0.1627452619108521,4.451747219022835,8.785984153761989,0.17980009588236534,True,walking_dual_task,P08,26,0.284
2026-04-03T01:32:33.258747,1403.844670380299,81127,55,-7.723397418565935,-0.45971139461162475,4.725862484231782,9.066199781127487,0.2802156273654983,True,walking_dual_task,P08,26,0.284
2026-04-03T01:32:33.315613,1449.9349422584817,81179,56,-7.3901451885225695,-0.45345687820820324,4.4909982355606255,8.659615129995458,0.4065846511320288,True,walking_dual_task,P08,26,0.284
2026-04-03T01:32:33.316126,1309.942469532742,81179,54,-7.269388220077306,-0.25893516061071453,4.751975752493448,8.688632001868008,0.029016871872549643,True,walking_dual_task,P08,26,0.284
2026-04-03T01:32:33.316801,1326.644528417073,81222,54,-7.134939133288683,-0.4482114728547912,4.640223042110968,8.522905598484034,0.16572640338397449,True,walking_dual_task,P08,26,0.284
2026-04-03T01:32:33.317369,1306.1176728892308,81222,56,-7.145019187948044,-0.8467104446144875,4.6725360425872005,8.579091492835442,0.056185894351408194,True,walking_dual_task,P08,26,0.284
2026-04-03T01:32:33.318280,1308.1384391943398,81272,54,-7.090928514754636,-1.0581714803271003,4.762281625331918,8.606992527132347,0.027901034296904825,True,walking_dual_task,P08,26,0.284
2026-04-03T01:32:33.375633,1295.5464553927804,81272,56,-7.289438905334558,-1.3355539328564836,4.920125150827828,8.89535021019308,0.28835768306073284,True,walking_dual_task,P08,26,0.284
2026-04-03T01:32:33.375966,1415.872770665074,81275,55,-8.277456588760556,-1.1842518138417326,5.102592787007324,9.795672161083289,0.9003219508902092,True,walking_dual_task,P08,26,0.284
2026-04-03T01:32:33.376906,1459.5004019254366,81275,56,-7.9949634272193855,-1.2269433375060392,5.357001037600957,9.701664304277061,0.09400785680622725,True,walking_dual_task,P08,26,0.284
2026-04-03T01:32:33.435572,1257.440062188996,81200,54,-9.181836497707511,-0.7983974965284729,5.365709954950016,10.664633296731134,0.9629689924540727,True,walking_dual_task,P08,26,0.284
2026-04-03T01:32:33.435971,1362.5246150829437,81200,55,-9.016970467513003,-0.7057179362633496,5.454788245169097,10.562126159879005,0.10250713685212887,True,walking_dual_task,P08,26,0.284
2026-04-03T01:32:33.495596,1350.9058838941996,81065,55,-10.297134492624357,-0.3014502741101463,6.0637409807788964,11.953694228519181,1.3915680686401757,True,walking_dual_task,P08,26,0.284
2026-04-03T01:32:33.555668,1427.4436893372929,81065,55,-10.296431730768953,-0.4166156296495616,5.8503313631182365,11.84974480854077,0.10394941997841123,True,walking_dual_task,P08,26,0.284
2026-04-03T01:32:33.615753,1309.5204591749355,80940,53,-10.982339811093217,-0.8183814485129209,6.0712054730067075,12.575415373539743,0.725670564998973,True,walking_dual_task,P08,26,0.284
2026-04-03T01:32:33.676244,1312.1199152381985,80940,55,-10.767594984372185,-1.4863588454262828,5.841085441437232,12.339718128831953,0.23569724470779008,True,walking_dual_task,P08,26,0.284
2026-04-03T01:32:33.736131,1330.9126430389535,80914,53,-10.652188226943887,-1.2650258693415495,5.678080027575347,12.137132992263673,0.20258513656827937,True,walking_dual_task,P08,26,0.284
2026-04-03T01:32:33.795684,1376.399448636537,80914,54,-10.055581484717727,-0.8489471774112749,5.044053244501789,11.281750903082445,0.8553820891812283,True,walking_dual_task,P08,26,0.284
2026-04-03T01:32:33.855823,1391.1628379461804,80930,55,-10.18212481301874,-1.0068792248837655,5.040952137898529,11.406168065480108,0.12441716239766265,True,walking_dual_task,P08,26,0.284
2026-04-03T01:32:33.915726,1330.82049496005,80930,56,-10.240193071012897,-1.1337375235231433,4.974351143990849,11.44076414439123,0.03459607891112171,True,walking_dual_task,P08,26,0.284
2026-04-03T01:32:33.975927,1257.2719952807338,80941,56,-10.095620440278097,-1.0850594598668473,5.161999329603822,11.390572557358027,0.05019158703320237,True,walking_dual_task,P08,26,0.284
2026-04-03T01:32:34.035875,1318.7941181474687,80941,53,-10.100318071749193,-0.9433094005971124,5.006079179249734,11.312253821616446,0.07831873574158088,True,walking_dual_task,P08,26,0.284
2026-04-03T01:32:34.096359,1359.0576137061457,80972,56,-10.13557667601359,-0.7480653827924696,5.029495937489049,11.339547863892193,0.027294042275746833,True,walking_dual_task,P08,26,0.284
2026-04-03T01:32:34.155742,1303.1147287793872,80972,54,-10.221244480421063,-1.0329116216540004,5.255357747103828,11.53947703306914,0.19992916917694714,True,walking_dual_task,P08,26,0.284
2026-04-03T01:32:34.275873,1310.47778741564,81003,53,-10.180855436940346,-1.0376041216881473,5.06673315713985,11.419204202871686,0.12027283019745383,True,walking_dual_task,P08,26,0.284
2026-04-03T01:32:34.335933,1367.8099370909374,81003,56,-9.876059767206618,-0.9433144627270386,5.080022684940299,11.145987133517394,0.2732170693542919,True,walking_dual_task,P08,26,0.284
2026-04-03T01:32:34.395694,1264.521421494031,81115,53,-10.017852992156795,-0.8561896506133633,5.229703153464361,11.333147592952162,0.187160459434768,True,walking_dual_task,P08,26,0.284
2026-04-03T01:32:34.456090,1384.315700296475,81115,56,-10.095202039052221,-1.1884886382824247,5.0931444328795425,11.369508769809821,0.036361176857658606,True,walking_dual_task,P08,26,0.284
2026-04-03T01:32:34.515814,1434.5655146707966,81277,54,-10.143310651046702,-0.9118376751239088,4.994129667489992,11.342818434812248,0.026690334997573117,True,walking_dual_task,P08,26,0.284
2026-04-03T01:32:34.576042,1427.9774228744734,81277,54,-10.17653663454046,-1.0463897383849188,5.135232965260257,11.446722105748744,0.10390367093649644,True,walking_dual_task,P08,26,0.284
2026-04-03T01:32:34.576622,1336.9473641371249,81373,55,-9.969380865837534,-1.0716747453470328,5.205482478243014,11.297525810514317,0.149196295234427,True,walking_dual_task,P08,26,0.284
2026-04-03T01:32:34.576978,1335.484428207871,81373,54,-7.44913085146071,0.1005522147438356,3.906340553861553,8.411846272538332,2.885679537975985,True,walking_dual_task,P08,26,0.284
2026-04-03T01:32:34.577528,1382.8774805053222,81254,53,-7.506987788742899,0.16685731230996492,3.9094182820655443,8.465592615236964,0.05374634269863243,True,walking_dual_task,P08,26,0.284
2026-04-03T01:32:34.578140,1402.185763747008,81254,54,-7.563535488705823,-0.1574401160934078,3.9390840294889524,8.529257849921226,0.06366523468426166,True,walking_dual_task,P08,26,0.284
2026-04-03T01:32:34.579241,1324.0633408948445,81165,54,-7.885900709745346,-0.5405585662914429,4.168210468216411,8.936084829213636,0.4068269792924095,True,walking_dual_task,P08,26,0.284
2026-04-03T01:32:34.635604,1318.4418485269437,81165,54,-7.905905331597347,-0.4270979003320063,4.031172524062,8.884599239549287,0.05148558966434891,True,walking_dual_task,P08,26,0.284
2026-04-03T01:32:34.636202,1333.288423875607,81160,55,-10.155295782721007,-1.377289334304073,5.300144968624542,11.537698862137756,2.653099622588469,True,walking_dual_task,P08,26,0.284
2026-04-03T01:32:34.636871,1299.2666898276261,80989,54,-10.448208918620479,-1.429432927642654,5.593629017972314,11.937212140716586,0.39951327857883,True,walking_dual_task,P08,26,0.284
2026-04-03T01:32:34.637439,1356.6517717979418,81007,56,-9.206241359502455,-1.3857042722208937,5.482337388917859,10.804215822788414,1.1329963179281712,True,walking_dual_task,P08,26,0.284
2026-04-03T01:32:34.638134,1365.0272042659503,81028,54,-9.147560292162467,-0.23255258929845501,5.7045938739300315,10.783057603111326,0.021158219677088752,True,walking_dual_task,P08,26,0.284
2026-04-03T01:32:34.639065,1416.5191595428123,81083,54,-7.95517522540267,-0.49889415428977135,5.213378195082079,9.524338320797,1.2587192823143258,True,walking_dual_task,P08,26,0.284
2026-04-03T01:32:34.695701,1309.3709745752928,81238,54,-8.845082700986998,-1.2575936655483755,6.092260673786621,10.813541045018226,1.2892027242212265,True,walking_dual_task,P08,26,0.284
2026-04-03T01:32:34.695983,1313.9822866082634,81236,54,-7.464972718959556,-0.33647512176896843,5.419770339467363,9.231085728935142,1.5824553160830845,True,walking_dual_task,P08,26,0.284
2026-04-03T01:32:34.696791,1347.002023392524,81316,57,-7.538400750185275,0.3831992960811651,5.611174213175587,9.405296572757166,0.17421084382202423,True,walking_dual_task,P08,26,0.284
2026-04-03T01:32:34.697345,1406.3921465099977,81347,55,-7.6012234628982265,-0.16019160486768444,5.668196180472755,9.483285687118707,0.07798911436154121,True,walking_dual_task,P08,26,0.284
2026-04-03T01:32:34.698127,1378.1309854248968,81336,55,-8.93221510154494,-0.7158650999504036,6.050846135323872,10.812477441130609,1.3291917540119016,True,walking_dual_task,P08,26,0.284
2026-04-03T01:32:34.698751,1369.938132607576,80957,56,-10.540589103782732,-0.9244743295793892,6.209721978361163,12.268631483966587,1.456154042835978,True,walking_dual_task,P08,26,0.284
2026-04-03T01:32:34.699473,1345.0996659458385,80957,56,-10.295784573018393,-0.8973700571564618,6.02500008380582,11.962820695945613,0.30581078802097394,True,walking_dual_task,P08,26,0.284
2026-04-03T01:32:34.700155,1366.9560189761107,80946,55,-10.285111228043535,-0.9304324703285562,6.057218705631957,11.972431499195414,0.009610803249801236,True,walking_dual_task,P08,26,0.284
2026-04-03T01:32:34.700871,1396.1252615080323,80946,55,-10.226344769978713,-0.9148495912113868,6.110511853020508,11.94794677904596,0.02448472014945402,True,walking_dual_task,P08,26,0.284
2026-04-03T01:32:34.701648,1387.0968157777484,80942,53,-10.30032523738012,-0.7297236055523647,6.215697446261595,12.052555383808576,0.1046086047626158,True,walking_dual_task,P08,26,0.284
2026-04-03T01:32:34.702300,1442.4988619670887,80942,55,-10.212669032714048,-0.9360338921111157,6.10564106270146,11.935393625912948,0.11716175789562833,True,walking_dual_task,P08,26,0.284
2026-04-03T01:32:34.755652,1381.1747679746627,80976,55,-10.379573095166643,-1.043556103424381,6.119046908377446,12.094101125996305,0.15870750008335754,True,walking_dual_task,P08,26,0.284
2026-04-03T01:32:34.756251,1389.1157577919664,80976,55,-10.302490199598823,-0.9338772659127721,6.178376957711369,12.049305909146687,0.04479521684961796,True,walking_dual_task,P08,26,0.284
2026-04-03T01:32:34.756881,1351.0672898720234,81034,56,-10.289143747026781,-0.991634056890587,5.965304742403708,11.934600027630157,0.11470588151652983,True,walking_dual_task,P08,26,0.284
2026-04-03T01:32:34.815594,1369.5370576854486,81034,54,-10.329976320979194,-0.7723158047804455,6.122601121281912,12.032918473280995,0.09831844565083792,True,walking_dual_task,P08,26,0.284
2026-04-03T01:32:34.816232,1394.8551491562798,81045,54,-10.25233135229371,-0.8961294678335324,6.186343014492054,12.00767196725905,0.025246506021945336,True,walking_dual_task,P08,26,0.284
2026-04-03T01:32:34.816870,1307.5155352522534,81045,55,-8.244561693905617,-0.9993075277067943,3.8229351412398542,9.14255140284559,2.865120564413459,True,walking_dual_task,P08,26,0.284
2026-04-03T01:32:34.875646,1358.55774641781,81077,56,-7.813215107780063,-1.27353737823614,4.180982109609623,8.952588406437712,0.1899629964078784,True,walking_dual_task,P08,26,0.284
2026-04-03T01:32:34.876231,1353.6452847938658,81077,56,-7.870903455704306,-1.5606201197758212,4.1407212303728,9.029519847418639,0.07693144098092652,True,walking_dual_task,P08,26,0.284
2026-04-03T01:32:34.877011,1458.9220469124896,81179,54,-7.403421990961995,-0.9548412109184454,4.121989432761821,8.527202108436741,0.5023177389818976,True,walking_dual_task,P08,26,0.284
2026-04-03T01:32:34.995756,1308.8397813178021,81179,56,-7.227857144932458,-0.8468726163314123,4.026266172893254,8.316846243067602,0.21035586536913975,True,walking_dual_task,P08,26,0.284
2026-04-03T01:32:34.996096,1337.3022699721594,81197,55,-6.882377924264525,0.11855477190764685,3.9091042498578368,7.915950805974122,0.40089543709347986,True,walking_dual_task,P08,26,0.284
2026-04-03T01:32:34.997041,1384.2060372475644,81197,55,-7.017620804365528,0.4870932241508005,3.9674971626953286,8.076217883320941,0.16026707734681978,True,walking_dual_task,P08,26,0.284
2026-04-03T01:32:34.997504,1316.3958925890738,81204,56,-7.210487568343094,0.2902977693531531,4.024001912047978,8.262444865552053,0.186226982231112,True,walking_dual_task,P08,26,0.284
2026-04-03T01:32:34.998044,1260.3076691117624,81204,55,-7.456839462250067,-0.2369409147793156,4.363039145269006,8.642725631767794,0.3802807662157406,True,walking_dual_task,P08,26,0.284
2026-04-03T01:32:34.998894,1346.1499503185953,81253,56,-7.4918904704423,-0.22373690071367264,4.281184881876838,8.631745189395707,0.010980442372087396,True,walking_dual_task,P08,26,0.284
2026-04-03T01:32:35.055534,1389.7857539520965,81253,56,-7.979359078785234,-1.0226939463181048,5.0469491067135195,9.496724145819147,0.8649789564234407,True,walking_dual_task,P08,26,0.284
2026-04-03T01:32:35.056132,1351.4501027176016,81263,55,-8.674142351965676,-1.7427926333429586,5.5814608418211265,10.460916634491536,0.9641924886723885,True,walking_dual_task,P08,26,0.284
2026-04-03T01:32:35.056895,1350.3830309120544,81263,56,-8.789919505012044,-1.8287440061241997,5.468991626650891,10.512699889034403,0.05178325454286714,True,walking_dual_task,P08,26,0.284
2026-04-03T01:32:35.115650,1337.8714941384258,81234,56,-9.764611438284918,-2.4953363320122857,5.89853875981319,11.677632442047647,1.1649325530132444,True,walking_dual_task,P08,26,0.284
2026-04-03T01:32:35.116175,1344.0276693059282,81234,56,-9.632602375625094,-2.341646158444199,5.914725996491387,11.543583450204087,0.13404899184356012,True,walking_dual_task,P08,26,0.284
2026-04-03T01:32:35.117004,1300.5839166784428,81181,55,-9.774166543948974,-2.0638732341809836,5.82177243868824,11.562306806320706,0.01872335611661846,True,walking_dual_task,P08,26,0.284
2026-04-03T01:32:35.175700,1398.7727170726744,81181,54,-8.967855111620965,-1.5107452910701529,5.538695333768726,10.648094789107974,0.9142120172127317,True,walking_dual_task,P08,26,0.284
2026-04-03T01:32:35.176548,1316.4723315342328,81140,55,-8.848464987857145,-1.6219701950262884,5.633923585301872,10.614481377811543,0.033613411296430584,True,walking_dual_task,P08,26,0.284
2026-04-03T01:32:35.176785,1379.3201545425434,81140,55,-8.840669087595673,-1.4958661542949923,5.54447564492428,10.542118176395743,0.07236320141580066,True,walking_dual_task,P08,26,0.284
2026-04-03T01:32:35.235521,1253.2133869635811,81156,56,-8.812131605154981,-1.1119026987281833,5.517681313521559,10.456328137333646,0.08579003906209692,True,walking_dual_task,P08,26,0.284
2026-04-03T01:32:35.236144,1294.0436460877595,81156,57,-8.677602439071329,-0.8114334436681514,5.8706199334262985,10.508253267162056,0.05192512982841002,True,walking_dual_task,P08,26,0.284
2026-04-03T01:32:35.295846,1460.7237928596576,81184,56,-8.577923688994975,-0.7702506595450337,5.749612323855654,10.355293466019374,0.15295980114268204,True,walking_dual_task,P08,26,0.284
2026-04-03T01:32:35.296400,1450.9655103494374,81184,55,-8.909706257442016,-0.6457245842507209,6.210698275864542,10.879917228841126,0.5246237628217525,True,walking_dual_task,P08,26,0.284
2026-04-03T01:32:35.297146,1329.0539259881202,81161,56,-8.90837199676605,-0.5210122338701015,6.082576979687602,10.799457768537891,0.08045946030323492,True,walking_dual_task,P08,26,0.284
2026-04-03T01:32:35.297593,1442.2313475499736,81161,54,-8.775906031881993,-0.8884334040712347,6.221274997437042,10.79398458344404,0.00547318509385164,True,walking_dual_task,P08,26,0.284
2026-04-03T01:32:35.356330,1245.1014654213632,81053,54,-9.020584602719586,-1.0076620260684506,6.493983837546387,11.160562504458087,0.36657792101404674,True,walking_dual_task,P08,26,0.284
2026-04-03T01:32:35.356439,1304.7706148724737,81053,55,-8.27120008430292,-1.5076873027911322,6.099607347798495,10.38706318623737,0.7734993182207166,True,walking_dual_task,P08,26,0.284
2026-04-03T01:32:35.356943,1263.3264300609917,81005,54,-8.348955224833748,-1.6760730417982872,5.941682411594899,10.383538128594601,0.0035250576427685587,True,walking_dual_task,P08,26,0.284
2026-04-03T01:32:35.415864,1342.9341696540232,81005,53,-8.223096883211513,-1.503313206705836,5.830909888166863,10.19209414556504,0.19144398302956134,True,walking_dual_task,P08,26,0.284
2026-04-03T01:32:35.415962,1360.3575832978074,81014,54,-8.680723614887677,-1.037382694847544,5.928076320884045,10.562822264899843,0.3707281193348031,True,walking_dual_task,P08,26,0.284
2026-04-03T01:32:35.416730,1420.8447842398753,81014,56,-8.842380732545257,-0.8534477602585405,5.727777729713846,10.569934144533912,0.007111879634068785,True,walking_dual_task,P08,26,0.284
2026-04-03T01:32:35.475617,1317.0621651725867,80990,56,-8.496954496225435,-0.7124593733251098,5.449691062147115,10.119533919228227,0.45040022530568535,True,walking_dual_task,P08,26,0.284
2026-04-03T01:32:35.475948,1330.2074158936316,80990,56,-8.512140396211755,-0.6897938174523287,5.593828553365615,10.208979749214116,0.08944582998588935,True,walking_dual_task,P08,26,0.284
2026-04-03T01:32:35.476661,1293.2197204008735,80994,56,-7.754726290022951,-0.2653492274482042,4.945613800893735,9.201374131795264,1.007605617418852,True,walking_dual_task,P08,26,0.284
2026-04-03T01:32:35.535653,1314.1127967286025,80994,57,-7.638722778034896,-0.5267394620836664,4.888553739486294,9.084354561796385,0.11701956999887919,True,walking_dual_task,P08,26,0.284
2026-04-03T01:32:35.536126,1300.8358104714218,81041,56,-7.199239919966162,-0.023778479174831044,4.690178830244907,8.59228714027783,0.49206742151855565,True,walking_dual_task,P08,26,0.284
2026-04-03T01:32:35.536870,1335.2449474925982,81041,54,-6.889176768992415,0.07427501944465356,4.75680713726985,8.372185346378785,0.22010179389904394,True,walking_dual_task,P08,26,0.284
2026-04-03T01:32:35.595737,1302.7889737258688,81090,56,-6.969243690149671,-0.039001085242261035,4.935784939531189,8.540131829582256,0.16794648320347072,True,walking_dual_task,P08,26,0.284
2026-04-03T01:32:35.596282,1338.8786515859067,81090,55,-6.879575840467674,0.06207194916247737,4.73823305737882,8.353638080360962,0.18649374922129347,True,walking_dual_task,P08,26,0.284
2026-04-03T01:32:35.596793,1441.9451158307968,81125,57,-6.877640218027918,-0.026667097273108606,4.572156913814539,8.258768972870847,0.09486910749011557,True,walking_dual_task,P08,26,0.284
2026-04-03T01:32:35.655568,1397.9008893163482,81125,57,-7.030366205022527,0.09637486077378855,4.771964661933426,8.497469260035803,0.2387002871649564,True,walking_dual_task,P08,26,0.284
2026-04-03T01:32:35.656187,1439.6575796555578,81113,56,-6.812750344596624,-0.0035109089444165242,4.785983301386726,8.325816220974112,0.17165303906169171,True,walking_dual_task,P08,26,0.284
2026-04-03T01:32:35.656828,1339.1824789558386,81113,56,-6.91048204501393,-0.05815993219610831,4.725638064372686,8.371965109078095,0.046148888103983765,True,walking_dual_task,P08,26,0.284
2026-04-03T01:32:35.715529,1292.218049374863,81065,55,-6.978801553838234,0.18385963890149254,4.76863350911712,8.454427304019273,0.08246219494117746,True,walking_dual_task,P08,26,0.284
2026-04-03T01:32:35.716091,1337.8988511178104,81065,55,-6.984659617686498,0.1438820832521363,4.5777755027185325,8.352376942051368,0.10205036196790473,True,walking_dual_task,P08,26,0.284
2026-04-03T01:32:35.717044,1327.2716145109118,80971,55,-6.976227086173736,-0.15826277502376707,4.683510323883293,8.40405023888742,0.05167329683605182,True,walking_dual_task,P08,26,0.284
2026-04-03T01:32:35.776501,1280.580914060444,80971,55,-6.964775802663819,0.027354161347046685,4.559441499473398,8.324503409731697,0.07954682915572242,True,walking_dual_task,P08,26,0.284
2026-04-03T01:32:35.776638,1388.1463498570931,80897,57,-7.032654899948908,0.15003540498840953,4.714120891642494,8.467802627928076,0.14329921819637903,True,walking_dual_task,P08,26,0.284
2026-04-03T01:32:35.777021,1352.392432684529,80897,55,-6.895532168285582,0.17680966311715662,4.678363830641796,8.33466937992685,0.13313324800122572,True,walking_dual_task,P08,26,0.284
2026-04-03T01:32:35.835550,1442.2978042540094,80892,56,-6.87671169652819,0.028147648189342414,4.634046484043908,8.292426837997782,0.04224254192906862,True,walking_dual_task,P08,26,0.284
2026-04-03T01:32:35.836097,1364.432698825972,80892,57,-10.043258784601997,-0.6080212504158128,5.142756865042281,11.299764821817394,3.007337983819612,True,walking_dual_task,P08,26,0.284
2026-04-03T01:32:35.836894,1358.7336981467515,80915,57,-10.269596953186646,-1.0590513203329943,4.70489489422165,11.345582719528885,0.045817897711490474,True,walking_dual_task,P08,26,0.284
2026-04-03T01:32:35.895602,1296.3653733956069,80915,56,-10.105689358391187,-1.1589106205739834,4.748181172202071,11.225562599657724,0.12002011987116035,True,walking_dual_task,P08,26,0.284
2026-04-03T01:32:35.896200,1368.9051826720681,80943,54,-9.747211981308638,-0.9467201699649228,3.8877253250896455,10.536547285146519,0.6890153145112059,True,walking_dual_task,P08,26,0.284
2026-04-03T01:32:35.896851,1371.8897585107852,80943,58,-9.501462948040293,-0.975322314763063,4.019325334198436,10.362626496829204,0.1739207883173144,True,walking_dual_task,P08,26,0.284
2026-04-03T01:32:36.016515,1357.6619290543856,81037,54,-8.705825783796246,-0.7412393464893063,3.5166306930975364,9.418467485649195,0.9441590111800089,True,walking_dual_task,P08,26,0.284
2026-04-03T01:32:36.075878,1448.7065787785286,81037,58,-8.087317299411659,-0.4647733153593261,2.8812297784059457,8.597802066342675,0.8206654193065201,True,walking_dual_task,P08,26,0.284
2026-04-03T01:32:36.135750,1389.0714952181206,81164,55,-8.045650405259774,-0.36979416362366646,3.01918081684326,8.601435401832722,0.003633335490047074,True,walking_dual_task,P08,26,0.284
2026-04-03T01:32:36.195805,1355.0038384938782,81164,56,-7.439211308490337,-0.6253996006587896,2.6456846536688987,7.920393730082729,0.681041671749993,True,walking_dual_task,P08,26,0.284
2026-04-03T01:32:36.196102,1370.4153354374334,81258,55,-7.54414116293431,-0.6051865771743041,2.680794443367116,8.029132924983855,0.10873919490112627,True,walking_dual_task,P08,26,0.284
2026-04-03T01:32:36.197136,1349.7076433081068,81258,57,-7.643125157410253,-0.9600813346567457,2.9044312379294337,8.232547549626062,0.20341462464220683,True,walking_dual_task,P08,26,0.284
2026-04-03T01:32:36.197749,1390.5568621351088,81353,57,-7.79498212691573,-1.5606693085780101,3.191706421211435,8.566470972861307,0.3339234232352446,True,walking_dual_task,P08,26,0.284
2026-04-03T01:32:36.198394,1332.6715565627196,81353,55,-7.739673704486218,-1.5532860172207563,3.4335568449893965,8.608400496665015,0.041929523803707625,True,walking_dual_task,P08,26,0.284
2026-04-03T01:32:36.255941,1408.8135040702641,81361,56,-8.135894650952247,-1.4308878909319054,3.668134171889072,9.038552441115185,0.43015194445017,True,walking_dual_task,P08,26,0.284
2026-04-03T01:32:36.256104,1342.7735282859185,81361,54,-8.082465782771479,-1.3981821564034183,3.7166535815587407,9.005258481435726,0.03329395967945814,True,walking_dual_task,P08,26,0.284
2026-04-03T01:32:36.256724,1395.1752052936997,81204,56,-8.394599476090917,-0.45761132097440804,3.5287344554394,9.117602499674739,0.1123440182390123,True,walking_dual_task,P08,26,0.284
2026-04-03T01:32:36.257423,1187.3934303260908,81204,56,-8.553869289412408,-0.6737292341859457,3.6411180896885424,9.32096195917603,0.20335945950129108,True,walking_dual_task,P08,26,0.284
2026-04-03T01:32:36.258026,1355.0479012325468,81111,56,-8.653679237992263,-0.5225874056081444,3.7154960592433177,9.43208210931241,0.11112015013637944,True,walking_dual_task,P08,26,0.284
2026-04-03T01:32:36.258717,1320.901742988623,81111,56,-9.219325133271514,-0.41153461676531883,4.401636749764555,10.2244668677954,0.7923847584829904,True,walking_dual_task,P08,26,0.284
2026-04-03T01:32:36.259519,1386.5158375014692,81093,56,-9.151121169830704,-0.45195832519425494,4.540822123860409,10.225768946792032,0.001302078996632261,True,walking_dual_task,P08,26,0.284
2026-04-03T01:32:36.260242,1203.625265434391,81093,56,-10.007861197094101,-1.408882672943691,5.2415196025807775,11.384891912998615,1.1591229662065832,True,walking_dual_task,P08,26,0.284
2026-04-03T01:32:36.315700,1345.249889269044,81077,56,-10.097738223455627,-1.412110699990048,5.132358702030787,11.41487974990426,0.029987836905645437,True,walking_dual_task,P08,26,0.284
2026-04-03T01:32:36.375726,1350.8833494053745,81077,57,-11.057249260548073,-1.6919569142574675,5.703676520605731,12.556170007661716,1.141290257757456,True,walking_dual_task,P08,26,0.284
2026-04-03T01:32:36.376766,1349.4050439885134,80994,58,-11.378381916138952,-1.5487130141577738,5.774183517114198,12.853298499570174,0.2971284919084578,True,walking_dual_task,P08,26,0.284
2026-04-03T01:32:36.376841,1346.739148742345,80994,56,-11.561673820183296,-1.4183947420053244,5.895165706053046,13.05515698374723,0.20185848417705543,True,walking_dual_task,P08,26,0.284
2026-04-03T01:32:36.377332,1300.0764526355338,80902,56,-10.513925642501489,-0.9200326749210257,5.908602683739624,12.095481727209865,0.9596752565373645,True,walking_dual_task,P08,26,0.284
2026-04-03T01:32:36.378142,1223.8806966966654,80902,55,-10.511254177538822,-1.0065304688733496,5.96000020719914,12.125228675757482,0.029746948547616725,True,walking_dual_task,P08,26,0.284
2026-04-03T01:32:36.378796,1362.552678854989,80901,55,-9.341904608465686,-0.5325519810546007,5.614944355946869,10.912487958599414,1.2127407171580682,True,walking_dual_task,P08,26,0.284
2026-04-03T01:32:36.435574,1220.0979429127442,80901,56,-8.142412279019478,0.13067537338288393,5.1899572369974845,9.656687314840347,1.2558006437590663,True,walking_dual_task,P08,26,0.284
2026-04-03T01:32:36.435891,1370.9247890435993,80982,56,-8.062903094194757,0.013006844549391827,5.303294877255023,9.65067417538795,0.0060131394523974535,True,walking_dual_task,P08,26,0.284
2026-04-03T01:32:36.436712,1310.1248374953984,80982,55,-8.115378672136709,0.20576098464244064,5.298479098323352,9.694100748926731,0.0434265735387811,True,walking_dual_task,P08,26,0.284
2026-04-03T01:32:36.437360,1326.9491719275588,81076,57,-7.432823240088907,0.42474077360271933,5.141837444669361,9.04796984690877,0.6461309020179602,True,walking_dual_task,P08,26,0.284
2026-04-03T01:32:36.495651,1340.4627203278505,81076,56,-7.407760665446112,0.4171722063556678,5.345036933002823,9.144308095282579,0.096338248373808,True,walking_dual_task,P08,26,0.284
2026-04-03T01:32:36.495927,1301.7539502747084,81177,56,-7.18423002442673,0.020505842621643806,5.033060903064824,8.77184607636362,0.37246201891895936,True,walking_dual_task,P08,26,0.284
2026-04-03T01:32:36.496686,1346.1187606148433,81177,55,-7.244818398941262,0.13524749920880716,4.944748655540698,8.772469708477288,0.0006236321136690037,True,walking_dual_task,P08,26,0.284
2026-04-03T01:32:36.555859,1342.073061921173,81303,56,-7.889839698473259,-0.6711960224820918,5.059529438705999,9.396750114232741,0.624280405755453,True,walking_dual_task,P08,26,0.284
2026-04-03T01:32:36.556145,1450.0501141110944,81303,54,-8.56740331643693,-1.068461896763401,5.247218463857682,10.103232750896058,0.706482636663317,True,walking_dual_task,P08,26,0.284
2026-04-03T01:32:36.557063,1321.484339192581,81318,54,-8.589536012780986,-0.9442315431473517,5.161036732199521,10.065187642217536,0.03804510867852251,True,walking_dual_task,P08,26,0.284
2026-04-03T01:32:36.616184,1323.2325065209131,81318,55,-8.735531774313815,-1.1435100316325073,5.298576341145674,10.280663491012588,0.21547584879505166,True,walking_dual_task,P08,26,0.284
2026-04-03T01:32:36.616612,1473.5346478430738,81243,56,-8.777424522630376,-0.9952409322381741,5.364839941678643,10.335143606332032,0.05448011531944452,True,walking_dual_task,P08,26,0.284
2026-04-03T01:32:36.616903,1306.3648406802115,81243,56,-8.700117658758183,-0.9419388977204654,5.241585957901577,10.200662699910522,0.13448090642151023,True,walking_dual_task,P08,26,0.284
2026-04-03T01:32:36.736059,1328.3917487700346,81247,56,-8.649253973735787,-1.0631112630155939,5.135782504592225,10.115140226126897,0.08552247378362487,True,walking_dual_task,P08,26,0.284
2026-04-03T01:32:36.736331,1275.450622050425,81247,56,-8.631655228702847,-0.9893467150081587,5.268123425353454,10.160580856154262,0.04544063002736465,True,walking_dual_task,P08,26,0.284
2026-04-03T01:32:36.736891,1409.1877136566332,81287,56,-8.675729666444768,-0.9114023702667513,5.359009952208744,10.238062667987048,0.07748181183278646,True,walking_dual_task,P08,26,0.284
2026-04-03T01:32:36.737501,1349.0559321558462,81287,55,-8.637140115312812,-1.0260814098352284,5.20567957962041,10.136672645243715,0.10139002274333286,True,walking_dual_task,P08,26,0.284
2026-04-03T01:32:36.738221,1331.660554133257,81335,57,-8.69860115870808,-1.032109614571643,5.269159519870739,10.222277359796749,0.08560471455303365,True,walking_dual_task,P08,26,0.284
2026-04-03T01:32:36.739354,1301.2233429287267,81335,55,-8.688361281016636,-1.050150193519249,5.387780227049015,10.27709165831452,0.054814298517770865,True,walking_dual_task,P08,26,0.284
2026-04-03T01:32:36.795574,1275.1476650408952,81360,58,-8.567873097847384,-1.0524809690305232,5.3267315900819705,10.143482392342658,0.1336092659718613,True,walking_dual_task,P08,26,0.284
2026-04-03T01:32:36.796163,1312.5925198319126,81360,56,-8.572537653736443,-1.0135281022547569,5.246926631237379,10.101776087024366,0.04170630531829289,True,walking_dual_task,P08,26,0.284
2026-04-03T01:32:36.796882,1223.4916405104943,81380,55,-8.562696508111687,-0.9937566327481874,5.221433313512307,10.078228494265012,0.023547592759353364,True,walking_dual_task,P08,26,0.284
2026-04-03T01:32:36.855774,1372.2068186737717,81380,57,-8.444405772521272,-0.3650419170221992,6.211591059161274,10.489285387404905,0.411056893139893,True,walking_dual_task,P08,26,0.284
2026-04-03T01:32:36.915733,1423.796173677927,81354,58,-10.067867607660576,-0.7735780912135432,6.4895126894384765,12.003089442929669,1.5138040555247638,True,walking_dual_task,P08,26,0.284
2026-04-03T01:32:36.975655,1229.8086694748126,81354,56,-10.02553820069441,-0.8914649024504995,6.56417374267975,12.016426374341512,0.013336931411842556,True,walking_dual_task,P08,26,0.284
2026-04-03T01:32:36.976098,1490.5085375406234,81138,56,-10.851035606389404,-1.1793060248847909,6.677676157482947,12.795588899916893,0.7791625255753818,True,walking_dual_task,P08,26,0.284
2026-04-03T01:32:36.977154,1371.4014399064513,81138,57,-10.808956394386788,-1.2110265797877795,6.743074662730749,12.797233279887841,0.0016443799709477958,True,walking_dual_task,P08,26,0.284
2026-04-03T01:32:37.035570,1338.889934317519,80971,57,-10.313537098673498,-1.1967241275692546,5.990703965875307,11.98706511744952,0.8101681624383215,True,walking_dual_task,P08,26,0.284
2026-04-03T01:32:37.036014,1250.6110600772367,80971,55,-9.360861150342998,-0.4986827873464884,5.195957856858326,10.717853518715597,1.2692115987339232,True,walking_dual_task,P08,26,0.284
2026-04-03T01:32:37.036749,1304.974072367923,80994,57,-9.32456217512299,-0.49586571907646143,5.3605630992058,10.767032056683796,0.049178537968199265,True,walking_dual_task,P08,26,0.284
2026-04-03T01:32:37.037359,1370.6089897289582,80994,56,-9.386361485428505,0.2221483819205602,4.178346242586784,10.276755770264497,0.49027628641929866,True,walking_dual_task,P08,26,0.284
2026-04-03T01:32:37.038062,1324.6694232795721,81047,56,-9.314048825306905,0.23097909090804122,4.244065431409254,10.238014858688214,0.038740911576283565,True,walking_dual_task,P08,26,0.284
2026-04-03T01:32:37.038926,1405.908200705583,81047,56,-9.18344315898131,0.1900288429052149,3.380523987343,9.787731179613482,0.4502836790747313,True,walking_dual_task,P08,26,0.284
2026-04-03T01:32:37.095701,1291.6616360998123,81073,56,-8.338704232862664,-0.3091441761296343,2.8105246424850905,8.805033059041433,0.9826981205720493,True,walking_dual_task,P08,26,0.284
2026-04-03T01:32:37.096331,1346.1463465169372,81073,58,-8.388151384029594,-0.25565266662975406,2.810541785177781,8.850174408088398,0.04514134904696476,True,walking_dual_task,P08,26,0.284
2026-04-03T01:32:37.097377,1398.2483157301901,81174,56,-8.020649599937553,-0.332295351585153,2.7084697678465877,8.472133656228664,0.37804075185973396,True,walking_dual_task,P08,26,0.284
2026-04-03T01:32:37.097617,1384.7899821666324,81174,56,-8.165601982107516,-0.4703330578767033,2.4556844973210747,8.53982758994073,0.06769393371206611,True,walking_dual_task,P08,26,0.284
2026-04-03T01:32:37.155674,1374.9299201314518,81247,56,-8.331432587589847,-0.2307905525904273,2.6516559844440595,8.746274218234701,0.2064466282939712,True,walking_dual_task,P08,26,0.284
2026-04-03T01:32:37.215743,1338.1947359242936,81247,56,-8.0437529684843,-0.8585351881470311,2.9413995459478444,8.607605693582208,0.13866852465249302,True,walking_dual_task,P08,26,0.284
2026-04-03T01:32:37.216234,1275.9792816141771,81239,57,-8.05690465494781,-0.6415985296601439,2.909074575748434,8.589998613471813,0.01760708011039469,True,walking_dual_task,P08,26,0.284
2026-04-03T01:32:37.216879,1382.8030769544505,81239,55,-7.735486328992418,-1.4584069642270705,3.222912389100614,8.50598988285037,0.0840087306214432,True,walking_dual_task,P08,26,0.284
2026-04-03T01:32:37.217438,1291.9773616887624,81251,57,-7.7185707298532895,-1.4023709903322918,3.2807970521604086,8.503329218825879,0.002660664024491055,True,walking_dual_task,P08,26,0.284
2026-04-03T01:32:37.218496,1422.881258110582,81251,56,-7.585115031267092,-1.5359142456488097,3.268621046777119,8.40100506814365,0.10232415068222878,True,walking_dual_task,P08,26,0.284
2026-04-03T01:32:37.275670,1405.5344742997045,81252,55,-7.997400495070807,-1.542133557813954,3.742434147536563,8.963392434638932,0.5623873664952814,True,walking_dual_task,P08,26,0.284
2026-04-03T01:32:37.276528,1430.6217584245903,81252,57,-7.9330191391733855,-1.5142099265846152,3.5689860606755777,8.829682093119503,0.1337103415194285,True,walking_dual_task,P08,26,0.284
2026-04-03T01:32:37.277164,1258.405618028043,81200,56,-8.067337677011412,-0.9024408327427212,3.7970986119577734,8.96182428529264,0.13214219217313605,True,walking_dual_task,P08,26,0.284
2026-04-03T01:32:37.335824,1307.8383331574828,81200,57,-8.370851322040606,-0.575044458561312,4.102310195463067,9.339741801828959,0.37791751653631955,True,walking_dual_task,P08,26,0.284
2026-04-03T01:32:37.336099,1377.8331145146735,81193,56,-8.736091414847142,-0.5198023006264393,4.156828961990735,9.688586824689525,0.34884502286056573,True,walking_dual_task,P08,26,0.284
2026-04-03T01:32:37.336871,1327.1338664502064,81193,57,-8.97995320178872,-0.5093322645412401,4.416245267682629,10.02008987616116,0.3315030514716355,True,walking_dual_task,P08,26,0.284
2026-04-03T01:32:37.395865,1270.8582398286305,81176,56,-9.147308309549803,-0.608889305580132,4.655016363025582,10.281691146715342,0.26160127055418236,True,walking_dual_task,P08,26,0.284
2026-04-03T01:32:37.395998,1411.9876010952275,81176,55,-9.54426718874428,-1.0102449789371335,4.759544107057339,10.712931027250786,0.4312398805354434,True,walking_dual_task,P08,26,0.284
2026-04-03T01:32:37.396698,1320.8622712827962,81160,56,-10.889998420362526,-1.5503338136068827,5.364069408486105,12.238008054751706,1.5250770275009202,True,walking_dual_task,P08,26,0.284
2026-04-03T01:32:37.455795,1359.1799623821298,81160,58,-10.986952589852065,-1.4222945318301825,5.525688414335889,12.380197147027058,0.14218909227535192,True,walking_dual_task,P08,26,0.284
2026-04-03T01:32:37.456095,1319.295399307881,81135,56,-11.147675157462865,-1.137878931459246,6.307102850169638,12.858653749191301,0.47845660216424335,True,walking_dual_task,P08,26,0.284
2026-04-03T01:32:37.456735,1355.4364989531912,81135,55,-11.070580155551847,-0.9966500938247143,6.371793783344344,12.812135357054451,0.04651839213684994,True,walking_dual_task,P08,26,0.284
2026-04-03T01:32:37.515762,1377.9539143078323,81423,55,-10.749153919915035,-0.5583426339154316,6.244710407074446,12.443973021470926,0.3681623355835253,True,walking_dual_task,P08,26,0.284
2026-04-03T01:32:37.516278,1431.229604117959,81423,55,-10.804747336024427,-0.5437495602540705,6.161719978772047,12.450101271732773,0.006128250261847157,True,walking_dual_task,P08,26,0.284
2026-04-03T01:32:37.517190,1286.5982106895924,81678,54,-10.105515872866299,-0.5256475969043343,6.428911600196666,11.988688869765005,0.46141240196776856,True,walking_dual_task,P08,26,0.284
2026-04-03T01:32:37.575644,1366.4916210033784,81678,55,-9.019002186995365,-0.22125207492622434,5.890373417725234,10.774407265828149,1.2142816039368558,True,walking_dual_task,P08,26,0.284
2026-04-03T01:32:37.576222,1288.5601920251934,81814,56,-8.89423776344191,-0.10965077723631675,5.751864708106017,10.592612345684145,0.18179492014400367,True,walking_dual_task,P08,26,0.284
2026-04-03T01:32:37.576956,1444.3346589008277,81814,56,-8.73377779893681,-0.06790956965903819,5.829290378162483,10.500672010104424,0.09194033557972148,True,walking_dual_task,P08,26,0.284
2026-04-03T01:32:37.635537,1397.9591237670563,81819,56,-9.041984006401682,-0.26381269471888263,5.987690205327584,10.848018524361697,0.34734651425727314,True,walking_dual_task,P08,26,0.284
2026-04-03T01:32:37.636068,1454.547386318439,81819,56,-8.846679185372787,0.044712192165674874,5.9541410831678325,10.663842076254852,0.18417644810684486,True,walking_dual_task,P08,26,0.284
2026-04-03T01:32:37.637255,1362.614338623088,81690,56,-8.92793415584847,-0.10718452365150963,5.935413984370598,10.721410167470426,0.0575680912155736,True,walking_dual_task,P08,26,0.284
2026-04-03T01:32:37.756075,1334.8722586170236,81690,56,-8.871983537934605,-0.3491654646020936,5.668668804687951,10.534126182854264,0.1872839846161618,True,walking_dual_task,P08,26,0.284
2026-04-03T01:32:37.756204,1466.9427053216123,81632,55,-8.912992647587469,-0.05179397584963791,5.915258797791991,10.697401890026295,0.16327570717203166,True,walking_dual_task,P08,26,0.284
2026-04-03T01:32:37.756960,1311.8030839009607,81632,57,-9.168497123518236,-0.03333494491259807,5.7425791973142335,10.818487258389718,0.12108536836342232,True,walking_dual_task,P08,26,0.284
2026-04-03T01:32:37.757612,1332.8824590329978,81615,55,-8.82991299558223,-0.24241059817531752,5.998218106633413,10.67730054191623,0.1411867164734879,True,walking_dual_task,P08,26,0.284
2026-04-03T01:32:37.758507,1310.2538363195574,81615,58,-9.151480360000246,-0.21885652929094995,5.910712701056742,10.89651391933755,0.21921337742132074,True,walking_dual_task,P08,26,0.284
2026-04-03T01:32:37.815574,1464.4823448460938,81556,56,-8.92348236527259,-0.02478039851493659,5.907963480470966,10.702017757323151,0.19449616201439923,True,walking_dual_task,P08,26,0.284
2026-04-03T01:32:37.815894,1309.573444022489,81556,56,-8.828760188680292,-0.22762989135956296,5.74417136793927,10.535384498959672,0.1666332583634791,True,walking_dual_task,P08,26,0.284
2026-04-03T01:32:37.816851,1311.4417360500995,81504,56,-9.007595857513557,-0.1786962362952816,5.857601866937417,10.746172114232593,0.21078761527292045,True,walking_dual_task,P08,26,0.284
2026-04-03T01:32:37.817396,1282.3801890079728,81504,55,-7.599550059810743,0.7275420595010524,5.308072912372775,9.298285680864947,1.4478864333676462,True,walking_dual_task,P08,26,0.284
2026-04-03T01:32:37.875666,1332.1051845624922,81546,54,-7.475644505746175,0.9754558261211462,5.177988850625586,9.145946828087814,0.15233885277713277,True,walking_dual_task,P08,26,0.284
2026-04-03T01:32:37.876016,1428.65033257664,81546,57,-7.549218796130253,1.065992132409234,5.225031105252345,9.24272653003751,0.09677970194969632,True,walking_dual_task,P08,26,0.284
2026-04-03T01:32:37.876747,1323.768138745689,81565,56,-7.757316663867836,1.17942687082097,5.104851536971772,9.360903737442193,0.11817720740468296,True,walking_dual_task,P08,26,0.284
2026-04-03T01:32:37.935454,1382.0018352271575,81565,55,-7.791891439445902,1.2286629633585373,5.201921816262776,9.448977482466022,0.08807374502382892,True,walking_dual_task,P08,26,0.284
2026-04-03T01:32:37.936139,1443.848497489134,81528,55,-8.061043059774777,0.9431729309427161,5.115011929134965,9.593400722600885,0.14442324013486285,True,walking_dual_task,P08,26,0.284
2026-04-03T01:32:37.936744,1390.0864377169482,81528,57,-8.443578604593936,0.01186306021258033,5.3388682931829115,9.989878629698556,0.3964779070976707,True,walking_dual_task,P08,26,0.284
2026-04-03T01:32:37.995801,1343.0019355085683,81532,55,-8.334418965397772,-0.17427603787022164,5.4150626950990945,9.940614448816113,0.04926418088244233,True,walking_dual_task,P08,26,0.284
2026-04-03T01:32:37.996195,1318.048534036132,81532,58,-9.593497513653347,-0.13572528490232805,5.221705789424794,10.923361536118229,0.9827470873021156,True,walking_dual_task,P08,26,0.284
2026-04-03T01:32:37.997115,1348.0701516725178,81574,56,-9.448847073269398,-0.060393209671549236,5.471971141953536,10.919103742165763,0.004257793952465505,True,walking_dual_task,P08,26,0.284
2026-04-03T01:32:38.055835,1197.5239061318377,81574,56,-10.671702725581252,-0.28737823609406954,5.447192532747874,11.98497942437045,1.0658756822046875,True,walking_dual_task,P08,26,0.284
2026-04-03T01:32:38.056470,1367.3722120178131,81517,57,-11.427426977949702,-0.3030230463917594,5.711569748952566,12.778886465579356,0.7939070412089055,True,walking_dual_task,P08,26,0.284
2026-04-03T01:32:38.057061,1380.8022519786978,81517,56,-11.414273155497145,-0.2872435322248157,5.740319520127125,12.779648223181272,0.0007617576019161021,True,walking_dual_task,P08,26,0.284
2026-04-03T01:32:38.115686,1407.5229901360162,81414,55,-10.322972382908645,-0.7317928942066829,5.169962880469053,11.568396424904094,1.2112517982771784,True,walking_dual_task,P08,26,0.284
2026-04-03T01:32:38.116153,1250.31704372546,81414,55,-10.293138749864902,-0.6093218079892149,5.11596163739563,11.510562187181188,0.05783423772290597,True,walking_dual_task,P08,26,0.284
2026-04-03T01:32:38.116911,1307.5272607954785,81425,57,-9.93163321755803,-0.5902336020009811,4.478007608309252,10.9104659026601,0.6000962845210882,True,walking_dual_task,P08,26,0.284
2026-04-03T01:32:38.175605,1413.196062974396,81425,54,-9.968783873405286,-0.7429439088802638,4.255780220312694,10.864634501446073,0.04583140121402707,True,walking_dual_task,P08,26,0.284
2026-04-03T01:32:38.176562,1332.3629479350625,81475,55,-9.63156442872342,-0.02563845898307185,3.6898096049850695,10.314183709643212,0.5504507918028612,True,walking_dual_task,P08,26,0.284
2026-04-03T01:32:38.177096,1420.3602956018558,81475,54,-9.147371157986676,0.2073103697860998,2.958839684858189,9.616241936020488,0.6979417736227234,True,walking_dual_task,P08,26,0.284
2026-04-03T01:32:38.235675,1463.999446631662,81564,56,-9.063339456269118,0.16199681148227463,3.0693522095619996,9.570333748247139,0.045908187773349596,True,walking_dual_task,P08,26,0.284
2026-04-03T01:32:38.236139,1316.707196015504,81564,55,-8.703596232857295,-0.22458220693694358,2.8424269480098783,9.158734383475323,0.41159936477181525,True,walking_dual_task,P08,26,0.284
2026-04-03T01:32:38.236906,1393.7655108138172,81714,55,-8.967081539223566,-0.42749423124978403,2.8098939391207085,9.406742613569438,0.24800823009411488,True,walking_dual_task,P08,26,0.284
2026-04-03T01:32:38.295620,1409.1518113453064,81714,55,-8.450188368337866,-0.4458681952880219,2.6801030041430733,8.876228592188165,0.5305140213812738,True,walking_dual_task,P08,26,0.284
2026-04-03T01:32:38.296086,1314.4848235788506,81876,55,-8.664848945347577,-0.5577278247300425,2.722303945117182,9.099538798300149,0.22331020611198404,True,walking_dual_task,P08,26,0.284
2026-04-03T01:32:38.297103,1296.19048718445,81876,56,-7.899503343838105,-0.7581038521869182,2.871151262890465,8.439217031479139,0.66032176682101,True,walking_dual_task,P08,26,0.284
2026-04-03T01:32:38.355755,1396.6591644916273,81922,57,-8.08389501923322,-0.63861765816035,2.7501251665939828,8.562732018884594,0.1235149874054553,True,walking_dual_task,P08,26,0.284
2026-04-03T01:32:38.476149,1473.4473074196428,81922,56,-7.8236423013432175,-0.8185186184385737,3.0100796657951636,8.422584590405199,0.14014742847939488,True,walking_dual_task,P08,26,0.284
2026-04-03T01:32:38.476449,1382.1700784005116,81905,56,-7.788985946090018,-0.9022012739259995,3.1580090016654014,8.453123095144257,0.030538504739057615,True,walking_dual_task,P08,26,0.284
2026-04-03T01:32:38.477248,1397.0767223199844,81905,55,-7.705106012201825,-0.861060439258485,3.1169070535336423,8.35614703794114,0.09697605720311664,True,walking_dual_task,P08,26,0.284
2026-04-03T01:32:38.477957,1396.547827387979,81756,57,-7.945554313332629,-0.21835140539693357,3.218674764490618,8.575510359268787,0.2193633213276467,True,walking_dual_task,P08,26,0.284
2026-04-03T01:32:38.478532,1354.7760632471716,81756,56,-8.162049831978884,-0.15926625695789898,3.2118677251223735,8.772714373783902,0.1972040145151155,True,walking_dual_task,P08,26,0.284
2026-04-03T01:32:38.536356,1415.0544445767882,81631,56,-8.642985661574025,0.24917527534274253,3.3895117029933166,9.287199742050612,0.5144853682667101,True,walking_dual_task,P08,26,0.284
2026-04-03T01:32:38.595902,1321.1400272674211,81631,57,-8.640457413445203,0.34090402843829454,3.252788832380219,9.238742071203367,0.04845767084724528,True,walking_dual_task,P08,26,0.284
2026-04-03T01:32:38.655654,1372.8312222398122,81607,56,-8.716340937048992,-0.3002058047553693,3.4623917713205956,9.383649590334961,0.1449075191315945,True,walking_dual_task,P08,26,0.284
2026-04-03T01:32:38.715884,1343.2298818171018,81607,57,-8.822928763294712,-0.2511666882214212,3.426730446244786,9.468349286896121,0.0846996965611595,True,walking_dual_task,P08,26,0.284
2026-04-03T01:32:38.775595,1412.0459507846533,81613,53,-9.087258834453625,-0.8582545421392878,3.910733433041729,9.930191839424278,0.4618425525281573,True,walking_dual_task,P08,26,0.284
2026-04-03T01:32:38.776426,1282.8637127160578,81613,54,-10.117402927618146,-1.3798787198116231,4.354685518026118,11.100864526786713,1.1706726873624351,True,walking_dual_task,P08,26,0.284
2026-04-03T01:32:38.777029,1307.2641617084746,81552,54,-10.044129276149441,-1.2605726231628194,4.41829858853626,11.04513189924554,0.055732627541173585,True,walking_dual_task,P08,26,0.284
2026-04-03T01:32:38.777587,1367.6245655419866,81552,56,-10.083423308798258,-1.4262463450066911,4.429164547533572,11.105273650396429,0.06014175115088882,True,walking_dual_task,P08,26,0.284
2026-04-03T01:32:38.778802,1371.2584826001323,81464,56,-9.94558800575254,-1.2037211927552005,4.446239197532635,10.960506762542161,0.14476688785426717,True,walking_dual_task,P08,26,0.284
2026-04-03T01:32:38.835567,1389.7794785542387,81464,56,-9.990199024581015,-1.4369980842721377,4.385997512640131,11.004817773403914,0.04431101086175282,True,walking_dual_task,P08,26,0.284
2026-04-03T01:32:38.836812,1283.090191504045,81402,55,-10.009846685450201,-1.3716362162347966,4.298090319803549,10.979617341833652,0.025200431570262083,True,walking_dual_task,P08,26,0.284
2026-04-03T01:32:38.895955,1229.6424726639627,81402,56,-10.077269263955756,-1.3782677608818903,4.620238321699828,11.171283721589807,0.19166637975615508,True,walking_dual_task,P08,26,0.284
2026-04-03T01:32:38.896233,1380.4832057595777,81385,55,-10.161152315491869,-1.2524632721935949,4.3889606119976445,11.13914969288439,0.032134028705417705,True,walking_dual_task,P08,26,0.284
2026-04-03T01:32:38.897128,1309.3466106201847,81385,56,-10.096948895573256,-1.3459585950788464,4.47155806824249,11.124514061169105,0.014635631715284703,True,walking_dual_task,P08,26,0.284
2026-04-03T01:32:38.897789,1359.6001456540766,81402,55,-10.056957506520245,-1.366966887518766,4.388745910171781,11.057670795586933,0.0668432655821718,True,walking_dual_task,P08,26,0.284
2026-04-03T01:32:38.898751,1353.9493052854157,81402,56,-10.059869135443671,-1.3887270947272257,4.297523163598473,11.027158986227919,0.030511809359014208,True,walking_dual_task,P08,26,0.284
2026-04-03T01:32:38.955926,1398.5612128195803,81441,55,-10.050732120940442,-1.2658751222231748,4.417723491276109,11.05151287549991,0.02435388927199078,True,walking_dual_task,P08,26,0.284
2026-04-03T01:32:38.956725,1327.8095679172613,81441,55,-10.09645083675422,-1.3475217251551108,4.463755051273225,11.121117005792504,0.06960413029259449,True,walking_dual_task,P08,26,0.284
2026-04-03T01:32:38.957122,1331.219912929401,81488,57,-9.987098501436929,-1.301309294195459,4.449635609834716,11.010667528214281,0.11044947757822321,True,walking_dual_task,P08,26,0.284
2026-04-03T01:32:38.957544,1419.2938314049122,81488,55,-7.972708234240917,-1.483905563639458,5.400033364123996,9.743018661779592,1.2676488664346888,True,walking_dual_task,P08,26,0.284
2026-04-03T01:32:38.958291,1323.4356384885039,81548,56,-8.435323698813582,-1.2286410555332288,5.424572128914269,10.103970879258378,0.36095221747878625,True,walking_dual_task,P08,26,0.284
2026-04-03T01:32:38.958891,1312.3953774443341,81548,55,-8.36819853775298,-1.0402825013899986,5.387637459659343,10.006776296424034,0.09719458283434435,True,walking_dual_task,P08,26,0.284
2026-04-03T01:32:39.015804,1303.1088709999608,81546,54,-8.608718372476154,-1.0917502966960426,5.452465489262508,10.248479430556664,0.24170313413262967,True,walking_dual_task,P08,26,0.284
2026-04-03T01:32:39.075969,1330.728040022853,81546,57,-8.76748767001658,-1.117377266390231,5.469977264042454,10.394134079781722,0.1456546492250581,True,walking_dual_task,P08,26,0.284
2026-04-03T01:32:39.076292,1213.2676800462382,81492,56,-8.37640862705875,-0.9286511980001453,5.57003626332158,10.10207496060729,0.29205911917443217,True,walking_dual_task,P08,26,0.284
2026-04-03T01:32:39.077172,1372.0369263348086,81492,57,-7.769451802063287,-0.6413784965697769,5.35015176338279,9.455150531412736,0.646924429194554,True,walking_dual_task,P08,26,0.284
2026-04-03T01:32:39.077915,1356.4925178206142,81485,55,-7.962413515952874,-0.7301630455716378,5.330053021451256,9.60950739026872,0.1543568588559836,True,walking_dual_task,P08,26,0.284
2026-04-03T01:32:39.078802,1365.426634479581,81485,56,-7.23651690773618,-0.45054952301343976,5.28461960887603,8.97203300479642,0.6374743854722986,True,walking_dual_task,P08,26,0.284
2026-04-03T01:32:39.079121,1268.5329534713665,81512,56,-7.189683617530979,-0.6533014443841897,5.278048126814763,8.942938293782456,0.02909471101396477,True,walking_dual_task,P08,26,0.284
2026-04-03T01:32:39.195868,1341.486478549442,81512,54,-7.351847130787238,-0.8464876565887898,5.3053043458402085,9.10562747915885,0.16268918537639365,True,walking_dual_task,P08,26,0.284
2026-04-03T01:32:39.196198,1342.2010200259283,81560,55,-7.343958847182736,-0.7872172163569873,5.547121931523346,9.237099340054199,0.13147186089534912,True,walking_dual_task,P08,26,0.284
2026-04-03T01:32:39.197104,1382.7141007976434,81560,56,-7.209927228340647,-0.8025567736305175,5.501856353675215,9.104810341206697,0.13228899884750156,True,walking_dual_task,P08,26,0.284
2026-04-03T01:32:39.197519,1424.3790242811306,81610,57,-7.597106824470098,-0.549819780780014,5.414775068567214,9.34548676832428,0.24067642711758275,True,walking_dual_task,P08,26,0.284
2026-04-03T01:32:39.198148,1364.2160517881136,81610,56,-7.528847229439831,-0.5509203517803662,5.340888884371472,9.247277865050469,0.09820890327381093,True,walking_dual_task,P08,26,0.284
2026-04-03T01:32:39.198795,1349.173839852661,81604,55,-8.22372814859417,-0.4217528571846656,5.536354931060556,9.922641082756247,0.6753632177057778,True,walking_dual_task,P08,26,0.284
2026-04-03T01:32:39.199460,1391.0072174183927,81604,56,-8.022716242961794,-0.47782467415598284,5.6384983169861345,9.81758400040309,0.10505708235315758,True,walking_dual_task,P08,26,0.284
2026-04-03T01:32:39.200171,1288.9068396161574,81473,56,-8.061475052833053,-0.3671045512188842,5.607466609839435,9.82679131555359,0.009207315150501216,True,walking_dual_task,P08,26,0.284
2026-04-03T01:32:39.200894,1412.075450152281,81473,56,-9.338701510777916,-0.37551651147258075,5.768491620137458,10.983071252131179,1.1562799365775884,True,walking_dual_task,P08,26,0.284
2026-04-03T01:32:39.201615,1286.9907830722298,81339,56,-10.255447852326938,-0.7969335147490983,6.05163206467138,11.934469587077858,0.9513983349466795,True,walking_dual_task,P08,26,0.284
2026-04-03T01:32:39.255945,1292.3069945853479,81339,56,-10.415280002762724,-0.6993600107717093,6.0788483324334,12.079716843094626,0.14524725601676813,True,walking_dual_task,P08,26,0.284
2026-04-03T01:32:39.256235,1356.469639913595,81259,56,-10.325326456537658,-0.8092732704545051,5.855251393859503,11.897531615660549,0.1821852274340774,True,walking_dual_task,P08,26,0.284
2026-04-03T01:32:39.257201,1406.8719134988614,81259,56,-10.322183855292044,-0.7521901594869784,5.730197998455653,11.829980502096609,0.06755111356394039,True,walking_dual_task,P08,26,0.284
2026-04-03T01:32:39.316094,1275.3806240334725,81259,56,-10.19110505208276,-0.39843681675416875,5.453851256087497,11.565546576061985,0.26443392603462357,True,walking_dual_task,P08,26,0.284
2026-04-03T01:32:39.316505,1336.7425200417858,81259,56,-9.692851391899586,-0.28823268458628065,4.782154272894137,10.812189679971084,0.7533568960909012,True,walking_dual_task,P08,26,0.284
2026-04-03T01:32:39.317066,1307.6555861289476,81279,55,-9.628952325451495,-0.342633919647726,4.909761540894991,10.813874387894584,0.0016847079235002838,True,walking_dual_task,P08,26,0.284
2026-04-03T01:32:39.375464,1491.677136301632,81279,56,-9.42644051652718,-0.6391101769091588,4.211468202147591,10.344211282043418,0.46966310585116666,True,walking_dual_task,P08,26,0.284
2026-04-03T01:32:39.375971,1391.122952492124,81297,55,-9.56128315930158,-0.6173740335814115,4.21800984157664,10.468566920707053,0.1243556386636353,True,walking_dual_task,P08,26,0.284
2026-04-03T01:32:39.376883,1352.2949198831045,81297,57,-9.184699268327268,-0.6064526368086829,3.8113490971867163,9.962573331771749,0.5059935889353042,True,walking_dual_task,P08,26,0.284
2026-04-03T01:32:39.495767,1345.5449653830133,81340,56,-8.894494140822847,-0.21847198131525436,3.507198338836966,9.563482431399796,0.3990909003719523,True,walking_dual_task,P08,26,0.284
2026-04-03T01:32:39.496321,1446.838574730189,81340,56,-8.819381294309032,-0.2937706033901183,3.4842023313490347,9.487225804607071,0.07625662679272516,True,walking_dual_task,P08,26,0.284
2026-04-03T01:32:39.496796,1411.7242257644011,81360,56,-8.000358843395688,-0.285611519884274,2.952782688682822,8.53265733344397,0.9545684711631015,True,walking_dual_task,P08,26,0.284
2026-04-03T01:32:39.497631,1271.063302648405,81360,55,-7.890928812020482,-0.456879502173354,2.996264553248471,8.452993414698394,0.07966391874557566,True,walking_dual_task,P08,26,0.284
2026-04-03T01:32:39.498030,1306.9842883049303,81455,56,-7.454854977064707,-0.7859633290324952,2.7161831294940706,7.9730955015350515,0.4798979131633425,True,walking_dual_task,P08,26,0.284
2026-04-03T01:32:39.498777,1339.7152352108023,81455,55,-7.679678217809852,-0.7174562513232294,2.7989244076400137,8.205253124757876,0.2321576232228244,True,walking_dual_task,P08,26,0.284
2026-04-03T01:32:39.555632,1383.9007970938549,81520,55,-7.41798383228865,-0.693958651291191,2.780203865925592,7.952207006982734,0.25304611777514197,True,walking_dual_task,P08,26,0.284
2026-04-03T01:32:39.556230,1362.4935865486461,81520,55,-7.565389271498337,-0.9044118541525148,3.151349094979252,8.245245705839231,0.29303869885649725,True,walking_dual_task,P08,26,0.284
2026-04-03T01:32:39.556869,1309.1757865420336,81549,57,-7.328371576652359,-0.8243142918418117,3.1539855359611937,8.020732434028284,0.22451327181094705,True,walking_dual_task,P08,26,0.284
2026-04-03T01:32:39.615581,1306.5800739768385,81549,57,-7.428627846029259,-0.9302493188924728,3.13311655547807,8.115805247805788,0.0950728137775041,True,walking_dual_task,P08,26,0.284
2026-04-03T01:32:39.616205,1491.925319679272,81493,57,-7.524620589142987,-0.9619664035845056,3.208473510278646,8.23647962653582,0.1206743787300315,True,walking_dual_task,P08,26,0.284
2026-04-03T01:32:39.616902,1396.2367093374196,81493,56,-7.649135735006183,-0.9299270605357403,3.2500255381819882,8.362816979301911,0.12633735276609137,True,walking_dual_task,P08,26,0.284
2026-04-03T01:32:39.676014,1329.2875987714167,81427,55,-7.496027438992891,-0.7882547728985838,3.092134785568829,8.146966950053038,0.2158500292488732,True,walking_dual_task,P08,26,0.284
2026-04-03T01:32:39.676283,1320.191893929342,81427,56,-7.541793782771637,-0.8607987634858937,3.1993779284482007,8.237453921091957,0.0904869710389189,True,walking_dual_task,P08,26,0.284
2026-04-03T01:32:39.677175,1405.0576292598837,81409,56,-7.602047231862088,-0.8945674475830692,3.1210036876667844,8.266319438067162,0.028865516975205452,True,walking_dual_task,P08,26,0.284
2026-04-03T01:32:39.735817,1284.1509467223739,81409,55,-7.366843355610406,-0.985286692982369,3.107386361609225,8.055868723718401,0.21045071434876128,True,walking_dual_task,P08,26,0.284
2026-04-03T01:32:39.736220,1375.4852430822489,81427,55,-7.466269604059222,-0.814522074286247,3.000024755935539,8.087569260675565,0.031700536957163905,True,walking_dual_task,P08,26,0.284
2026-04-03T01:32:39.736877,1363.6120950804616,81427,56,-7.473449485064255,-0.8231501968792705,3.006020028353556,8.097294601488343,0.009725340812778427,True,walking_dual_task,P08,26,0.284
2026-04-03T01:32:39.795586,1445.9951965446476,81452,56,-7.59229517915892,-0.9839402184774795,3.02692827480113,8.232458880663044,0.13516427917470075,True,walking_dual_task,P08,26,0.284
2026-04-03T01:32:39.796150,1345.4494399877376,81452,57,-7.482163290892553,-0.8812818531053469,3.3789708752183687,8.256928568890908,0.024469688227863884,True,walking_dual_task,P08,26,0.284
2026-04-03T01:32:39.796852,1277.1256150056677,81441,56,-7.496379336831233,-0.9092972727897728,3.0766016937710003,8.154017578720797,0.10291099017011085,True,walking_dual_task,P08,26,0.284
2026-04-03T01:32:39.855768,1332.1559766884207,81441,56,-10.646307710176123,-2.7344366266413758,5.997260726705216,12.521507407215562,4.367489828494765,True,walking_dual_task,P08,26,0.284
2026-04-03T01:32:39.856233,1302.912843952207,81418,55,-9.726228989069513,-1.9814433611643476,5.707051862051142,11.449720044501518,1.0717873627140442,True,walking_dual_task,P08,26,0.284
2026-04-03T01:32:39.856916,1336.1113564586976,81418,57,-9.636902501219915,-1.989148853934757,5.722484168364201,11.383032462323365,0.06668758217815274,True,walking_dual_task,P08,26,0.284
2026-04-03T01:32:39.915595,1336.7350140804353,81443,57,-8.709177860117904,-1.3526827113213464,5.376216067819971,10.323915377634648,1.059117084688717,True,walking_dual_task,P08,26,0.284
2026-04-03T01:32:39.916109,1205.1718575376085,81443,56,-8.674928198162885,-1.2737209768509865,5.534130417316178,10.368381929983864,0.04446655234921515,True,walking_dual_task,P08,26,0.284
2026-04-03T01:32:39.916850,1372.1664177610467,81387,54,-8.034374263503675,-0.38654748307110137,5.227242495332858,9.592948080112416,0.7754338498714475,True,walking_dual_task,P08,26,0.284
2026-04-03T01:32:39.975547,1429.2316308423613,81387,56,-7.675192010387436,-0.4407908027327897,5.264035464583304,9.317346097493626,0.2756019826187899,True,walking_dual_task,P08,26,0.284
2026-04-03T01:32:39.976021,1291.4167325445464,81317,55,-7.780544373952234,-0.6782530416045728,5.162081213128017,9.36183637938705,0.044490281893423855,True,walking_dual_task,P08,26,0.284
2026-04-03T01:32:39.976753,1394.1254368354375,81317,54,-7.451290699730694,-1.139928327943367,5.3331623947703175,9.233839440543308,0.12799693884374186,True,walking_dual_task,P08,26,0.284
2026-04-03T01:32:40.035631,1386.9255308319646,81362,54,-7.52674166610013,-1.2842489214722643,5.33446833547715,9.31438069990264,0.08054125935933243,True,walking_dual_task,P08,26,0.284
2026-04-03T01:32:40.036169,1327.1492680252459,81362,57,-8.248692242700914,-2.0207600435174795,5.760567287048138,10.261994461939656,0.9476137620370153,True,walking_dual_task,P08,26,0.284
2026-04-03T01:32:40.036720,1381.8157576452609,81420,55,-8.31940659640314,-1.8982195223562073,5.62643297137039,10.221179552901619,0.04081490903803697,True,walking_dual_task,P08,26,0.284
2026-04-03T01:32:40.096189,1327.0810615973846,81420,55,-8.60417014567924,-1.8846861889480724,5.579839969226296,10.42681159361695,0.20563204071533114,True,walking_dual_task,P08,26,0.284
2026-04-03T01:32:40.215755,1435.0406860405942,81387,57,-8.550792769519607,-0.8931915223964463,5.481675262412946,10.196205753391784,0.2306058402251665,True,walking_dual_task,P08,26,0.284
2026-04-03T01:32:40.216084,1442.204872685557,81387,55,-8.525165728322674,-1.0306183341159598,5.292123256158991,10.086981382175853,0.1092243712159302,True,walking_dual_task,P08,26,0.284
2026-04-03T01:32:40.216791,1358.9403529459748,81333,58,-8.230878554060538,-0.6363916835028927,5.204248673806759,9.758922092390366,0.3280592897854877,True,walking_dual_task,P08,26,0.284
2026-04-03T01:32:40.217353,1289.8742961583553,81333,57,-8.101541225133724,-0.6313284846610919,5.137356380783173,9.613842960089336,0.14507913230102965,True,walking_dual_task,P08,26,0.284
2026-04-03T01:32:40.218087,1353.406385578592,81301,54,-8.18261336135669,-0.6352737307875289,5.283873857459526,9.761047949683782,0.14720498959444583,True,walking_dual_task,P08,26,0.284
2026-04-03T01:32:40.218789,1333.0511206684591,81301,55,-7.735891824004052,-0.24825833878088002,4.919117697690408,9.17078913939242,0.5902588102913615,True,walking_dual_task,P08,26,0.284
2026-04-03T01:32:40.275968,1262.2845534201765,81294,56,-7.360196969547704,-0.3875711120679343,4.792308319563524,8.791412277171771,0.37937686222064926,True,walking_dual_task,P08,26,0.284
2026-04-03T01:32:40.276536,1427.1708294932498,81294,57,-7.346395596709653,-0.4199388636721126,4.77109891252083,8.769792571414369,0.02161970575740213,True,walking_dual_task,P08,26,0.284
2026-04-03T01:32:40.276935,1369.9783656724214,81364,58,-7.288357825011834,-0.9250146278995762,4.691089906278238,8.71677327662163,0.05301929479273859,True,walking_dual_task,P08,26,0.284
2026-04-03T01:32:40.277513,1370.4968052898084,81364,56,-7.243986648486304,-0.991972248507326,4.898862185428282,8.801034156113456,0.08426087949182559,True,walking_dual_task,P08,26,0.284
2026-04-03T01:32:40.278101,1436.7725501119276,81492,56,-7.41372738235392,-1.0147270089339135,5.177835241896515,9.099615508072295,0.2985813519588394,True,walking_dual_task,P08,26,0.284
2026-04-03T01:32:40.336114,1295.9235925615283,81492,56,-8.455073404705576,-1.0673169471382176,5.232200417270946,10.00016764614965,0.9005521380773551,True,walking_dual_task,P08,26,0.284
2026-04-03T01:32:40.336491,1370.2785115002566,81531,57,-8.424873836372164,-1.2899241647158042,5.2474031260294,10.008878212695423,0.008710566545772735,True,walking_dual_task,P08,26,0.284
2026-04-03T01:32:40.337022,1328.7763299222556,81531,56,-9.783648009535192,-0.8243446675659867,5.663724773697386,11.334773522996386,1.3258953103009627,True,walking_dual_task,P08,26,0.284
2026-04-03T01:32:40.395722,1349.0746993670382,81424,56,-9.676081182114986,-0.8326058522385713,5.5888781885190895,11.205147877389484,0.12962564560690204,True,walking_dual_task,P08,26,0.284
2026-04-03T01:32:40.395964,1228.3967205253944,81424,56,-9.998604574139708,-0.6500019543469033,5.487818254138777,11.424129952041033,0.2189820746515494,True,walking_dual_task,P08,26,0.284
2026-04-03T01:32:40.396780,1318.5347240161834,81314,57,-10.044990899369864,-0.6147606341575063,5.377896514281484,11.410589105039849,0.01354084700118463,True,walking_dual_task,P08,26,0.284
2026-04-03T01:32:40.456159,1367.1604318698157,81314,56,-9.920992349896492,-0.7702048273982834,5.184141252589873,11.220277412330606,0.1903116927092423,True,walking_dual_task,P08,26,0.284
2026-04-03T01:32:40.456385,1307.9487918022885,81300,56,-10.245611074645051,-0.7252834096671599,5.039303639678103,11.440855015692696,0.22057760336208965,True,walking_dual_task,P08,26,0.284
2026-04-03T01:32:40.457224,1319.3578305203034,81300,57,-10.038572409576059,-0.7020707052639281,5.027070542754282,11.248878945891422,0.19197606980127446,True,walking_dual_task,P08,26,0.284
2026-04-03T01:32:40.515666,1435.39109999239,81303,56,-9.637455934205425,0.1734435898862169,4.700123157242834,10.72388909192343,0.5249898539679911,True,walking_dual_task,P08,26,0.284
2026-04-03T01:32:40.575970,1401.5444291348956,81303,57,-9.673664267946574,0.17320257749426338,4.5060440308726895,10.673060119289143,0.050828972634286984,True,walking_dual_task,P08,26,0.284
2026-04-03T01:32:40.636014,1379.0415219152296,81336,57,-9.035469015392518,0.4974363758505499,4.108845303225736,9.938297288870853,0.7347628304182905,True,walking_dual_task,P08,26,0.284
2026-04-03T01:32:40.695905,1330.4470752973277,81336,57,-9.150666977252916,0.6141959070628566,3.910644725637397,9.970209872966334,0.03191258409548148,True,walking_dual_task,P08,26,0.284
2026-04-03T01:32:40.756183,1346.911877925815,81394,56,-9.220276730357998,0.6388077922757568,3.937871067864355,10.046313101181774,0.07610322821543924,True,walking_dual_task,P08,26,0.284
2026-04-03T01:32:40.815806,1381.5259391412399,81394,57,-9.125295197551685,0.5803823033568033,3.774408508717138,9.892118865601338,0.15419423558043555,True,walking_dual_task,P08,26,0.284
2026-04-03T01:32:40.935921,1382.8350178990759,81397,54,-9.365971353795528,0.4311436146143165,3.7454185632288985,10.096309446046153,0.20419058044481453,True,walking_dual_task,P08,26,0.284
2026-04-03T01:32:40.995665,1374.0458925321914,81397,57,-9.181951606372305,0.4994185313108324,3.7710570874821374,9.938738638691978,0.1575708073541744,True,walking_dual_task,P08,26,0.284
2026-04-03T01:32:41.056254,1290.8066560692578,81365,55,-9.190780035949812,0.536682275038237,3.871109476265256,9.987189500093834,0.048450861401855505,True,walking_dual_task,P08,26,0.284
2026-04-03T01:32:41.115995,1317.464943070751,81365,55,-9.211646126222819,0.4452916690776463,3.795309741484575,9.972817308018508,0.01437219207532614,True,walking_dual_task,P08,26,0.284
2026-04-03T01:32:41.175934,1434.449931093842,81343,55,-9.115423395596888,0.6664157748885203,3.7326616744182815,9.872579036993649,0.1002382710248586,True,walking_dual_task,P08,26,0.284
2026-04-03T01:32:41.235909,1299.2070399939425,81343,56,-9.277693809126466,0.49348393993192496,3.8584484448340497,10.06015671927215,0.18757768227850136,True,walking_dual_task,P08,26,0.284
2026-04-03T01:32:41.296263,1358.0298089710407,81431,55,-9.258300973206214,0.6323544184054691,3.8484906460964474,10.046237568066958,0.013919151205191937,True,walking_dual_task,P08,26,0.284
2026-04-03T01:32:41.355959,1381.2346440625145,81431,56,-9.373779083298764,0.7218623401969616,3.9274821527636194,10.188912385576824,0.14267481750986555,True,walking_dual_task,P08,26,0.284
2026-04-03T01:32:41.415880,1316.923549953649,81569,57,-9.074910585546501,0.6061090767881384,3.785504570219441,9.851467667296136,0.3374447182806879,True,walking_dual_task,P08,26,0.284
2026-04-03T01:32:41.475798,1276.174479869934,81569,56,-9.228427852914683,0.6365870973348837,3.8037584924216596,10.001884944229996,0.15041727693385987,True,walking_dual_task,P08,26,0.284
2026-04-03T01:32:41.535695,1351.6511291183697,81661,55,-9.138525084512912,0.5746512250576653,3.8226435135303802,9.922472886446597,0.07941205778339899,True,walking_dual_task,P08,26,0.284
2026-04-03T01:32:41.535985,1375.5949025282084,81661,56,-7.726285883859876,-0.4468223910930613,4.078744823719292,8.74821714095686,1.1742557454897362,True,walking_dual_task,P08,26,0.284
2026-04-03T01:32:41.536806,1488.696761671956,81636,57,-8.974880120874756,-1.6440674336342407,4.610616730635324,10.222974985160823,1.4747578442039622,True,walking_dual_task,P08,26,0.284
2026-04-03T01:32:41.537327,1346.354872627069,81636,54,-8.962428499634145,-1.4832234669699198,4.488818589067764,10.132846036015001,0.09012894914582148,True,walking_dual_task,P08,26,0.284
2026-04-03T01:32:41.538045,1394.4991570811342,81672,55,-9.8789580899727,-2.199886788102647,4.7904940683172015,11.197417034409673,1.0645709983946716,True,walking_dual_task,P08,26,0.284
2026-04-03T01:32:41.538916,1425.1817988547741,81672,58,-9.961507492486236,-1.9796608704551462,4.816386854346342,11.240474679282494,0.043057644872821044,True,walking_dual_task,P08,26,0.284
2026-04-03T01:32:41.595649,1443.4792418139407,81744,57,-10.57774251786823,-1.9171366685153943,4.945647986280673,11.833151895597627,0.592677216315133,True,walking_dual_task,P08,26,0.284
2026-04-03T01:32:41.596142,1264.9473464854098,81721,56,-9.804051642349698,-1.597428937353742,4.442699648808667,10.881580215450308,0.9515716801473193,True,walking_dual_task,P08,26,0.284
2026-04-03T01:32:41.597059,1262.5443529489276,81767,58,-9.318917406855977,-0.6936950378769232,4.581638681276027,10.40744192619604,0.4741382892542685,True,walking_dual_task,P08,26,0.284
2026-04-03T01:32:41.597498,1383.2404196145403,81640,56,-9.21943933927786,-0.14723183476364132,5.273918493944431,10.622332852276902,0.21489092608086224,True,walking_dual_task,P08,26,0.284
2026-04-03T01:32:41.598138,1382.1608016763994,81608,57,-8.731568997830507,-1.0610899479740779,5.277141520318829,10.257408623382391,0.3649242288945107,True,walking_dual_task,P08,26,0.284
2026-04-03T01:32:41.598775,1340.5397419449653,81666,56,-8.878932293210802,-1.4123864955615917,5.114568938917794,10.343553050630575,0.08614442724818439,True,walking_dual_task,P08,26,0.284
2026-04-03T01:32:41.655574,1214.2827848883683,81728,54,-8.311975689107943,-0.6589338896922774,4.910994722912698,9.676828142308969,0.6667249083216067,True,walking_dual_task,P08,26,0.284
2026-04-03T01:32:41.656227,1347.6131061786368,81767,57,-7.868431525176221,-0.5099016086417462,4.855239528768699,9.25989012886225,0.4169380134467193,True,walking_dual_task,P08,26,0.284
2026-04-03T01:32:41.656809,1287.2979304456858,81739,55,-7.791615076385012,-0.4854410749155087,4.620087077679729,9.071390364277605,0.18849976458464468,True,walking_dual_task,P08,26,0.284
2026-04-03T01:32:41.657476,1312.6945123996823,81763,57,-7.5726967053973375,-0.42723293580460014,4.866800098536805,9.011881411364097,0.05950895291350733,True,walking_dual_task,P08,26,0.284
2026-04-03T01:32:41.658170,1315.4238468327376,81598,56,-8.388608501818213,-0.21868102453935606,4.985999705975567,9.760981869425782,0.7491004580616849,True,walking_dual_task,P08,26,0.284
2026-04-03T01:32:41.659132,1320.1034599138134,81574,55,-9.869315297707644,-1.086811510508876,5.094640798723521,11.15974500483586,1.3987631354100785,True,walking_dual_task,P08,26,0.284
2026-04-03T01:32:41.715851,1450.934835368345,81538,56,-10.167838907527821,-0.823780864155164,5.202660300745191,11.451254829342279,0.29150982450641827,True,walking_dual_task,P08,26,0.284
2026-04-03T01:32:41.716171,1336.4481837580645,81538,56,-9.958412651955534,-1.0648892919465631,5.272402731639871,11.318224344628183,0.13303048471409618,True,walking_dual_task,P08,26,0.284
2026-04-03T01:32:41.716717,1380.1344749826048,81505,54,-10.110374418486003,-0.854968215454037,4.9796736291234565,11.302556833920386,0.015667510707796595,True,walking_dual_task,P08,26,0.284
2026-04-03T01:32:41.717361,1393.3406572673578,81505,57,-9.825211565893724,-1.2632609955688858,5.0872080926740235,11.135991057632257,0.16656577628812919,True,walking_dual_task,P08,26,0.284
2026-04-03T01:32:41.718403,1313.1554660836953,81521,57,-9.979319294237428,-1.0135018701414875,5.169902355278139,11.284586389417653,0.14859533178539586,True,walking_dual_task,P08,26,0.284
2026-04-03T01:32:41.718763,1375.7112924264575,81521,57,-9.921735133419618,-1.0300319765200718,5.221775202126093,11.25916205549623,0.02542433392142307,True,walking_dual_task,P08,26,0.284
2026-04-03T01:32:41.775510,1424.8888257908623,81573,55,-10.018726469120963,-0.8493357982599741,5.050854373949163,11.251994546217675,0.007167509278554363,True,walking_dual_task,P08,26,0.284
2026-04-03T01:32:41.776370,1317.65675868069,81573,55,-10.04364918586735,-0.8568611094750667,5.096689919941352,11.29536843443969,0.043373888222014045,True,walking_dual_task,P08,26,0.284
2026-04-03T01:32:41.776848,1263.144899985964,81594,56,-9.906264547258914,-1.0277262183279625,5.24396153665711,11.255639966614815,0.03972846782487416,True,walking_dual_task,P08,26,0.284
2026-04-03T01:32:41.777453,1319.8783975750455,81594,55,-10.113898754059916,-0.934696827863904,5.20735495426802,11.414076913492972,0.15843694687815635,True,walking_dual_task,P08,26,0.284
2026-04-03T01:32:41.778106,1331.8911816008708,81603,55,-9.934149276532345,-0.8554547214872019,4.901272054539581,11.110427191676903,0.3036497218160683,True,walking_dual_task,P08,26,0.284
2026-04-03T01:32:41.778814,1345.8955719487976,81603,56,-10.008504475420066,-1.0904390221781104,5.237924536518615,11.348791677789137,0.23836448611223382,True,walking_dual_task,P08,26,0.284
2026-04-03T01:32:41.835597,1399.8820726475237,81623,57,-9.928851002713655,-1.078543796264878,5.007372990881875,11.172247903817867,0.17654377397126986,True,walking_dual_task,P08,26,0.284
2026-04-03T01:32:41.836143,1361.5285642400263,81623,55,-9.474834565096408,0.5992579121612591,4.518045929875935,10.51400680548106,0.6582410983368074,True,walking_dual_task,P08,26,0.284
2026-04-03T01:32:41.836879,1371.3222144381461,81617,56,-8.891194445485601,0.3719000949795249,4.697475801180655,10.062699799296292,0.45130700618476816,True,walking_dual_task,P08,26,0.284
2026-04-03T01:32:41.955744,1448.9763301908729,81617,56,-8.94425573169682,0.5024429817220397,4.678368617048852,10.10639859004486,0.04369879074856797,True,walking_dual_task,P08,26,0.284
2026-04-03T01:32:41.956315,1315.7935755808169,81611,56,-8.44349563472086,0.7316369569183834,5.082434176851856,9.882259272671954,0.22413931737290582,True,walking_dual_task,P08,26,0.284
2026-04-03T01:32:41.956854,1438.6704635186886,81611,57,-8.512612013107768,0.5010807543927528,5.103848568614029,9.938053905039606,0.05579463236765214,True,walking_dual_task,P08,26,0.284
2026-04-03T01:32:41.957467,1318.2937208526332,81640,57,-8.079812405465741,1.0158787040820272,4.799739671939923,9.452665177997126,0.48538872704247993,True,walking_dual_task,P08,26,0.284
2026-04-03T01:32:41.958163,1252.5310481762585,81640,56,-7.774561914367957,1.530816010586996,4.6521308614998,9.188554411392964,0.264110766604162,True,walking_dual_task,P08,26,0.284
2026-04-03T01:32:41.958811,1274.8507750113029,81686,57,-7.828332231997521,1.3505206794321079,4.689952319473868,9.225093191889357,0.03653878049639303,True,walking_dual_task,P08,26,0.284
2026-04-03T01:32:42.015720,1402.0066076717253,81686,57,-7.414957008866494,1.4680309735038888,4.2065405511792076,8.650530954295244,0.5745622375941135,True,walking_dual_task,P08,26,0.284
2026-04-03T01:32:42.016105,1381.1853939532657,81769,56,-7.361884280416675,1.4336668935899195,4.075234805113272,8.535823313355808,0.11470764093943586,True,walking_dual_task,P08,26,0.284
2026-04-03T01:32:42.016799,1387.8875996887407,81769,56,-7.509790296431869,1.3650064452750128,4.258964813982145,8.740650672505026,0.20482735914921868,True,walking_dual_task,P08,26,0.284
2026-04-03T01:32:42.075913,1402.4339530634331,81885,55,-7.1812230607817735,0.2915251976778297,4.065582723965877,8.257355174327603,0.4832954981774229,True,walking_dual_task,P08,26,0.284
2026-04-03T01:32:42.076299,1356.0556569269365,81885,57,-7.268251018878626,0.25887196255323675,4.188226373485191,8.39259958070104,0.13524440637343638,True,walking_dual_task,P08,26,0.284
2026-04-03T01:32:42.077389,1327.9920196181324,81990,57,-7.40991271577919,0.4195749190743044,4.083361076271685,8.470931899584189,0.07833231888314884,True,walking_dual_task,P08,26,0.284
2026-04-03T01:32:42.135855,1360.3216367950372,81990,57,-7.936515505399918,0.5774425960038809,4.173486303348159,8.985527599610815,0.5145957000266268,True,walking_dual_task,P08,26,0.284
2026-04-03T01:32:42.136317,1398.3671777826341,82003,57,-7.658844328845997,0.5232887269694578,4.074700633596007,8.691082372104034,0.29444522750678104,True,walking_dual_task,P08,26,0.284
2026-04-03T01:32:42.136964,1355.546861641168,82003,56,-8.194482534317372,0.1486554370920513,4.183113716707702,9.201634790140153,0.5105524180361183,True,walking_dual_task,P08,26,0.284
2026-04-03T01:32:42.195725,1394.4859361886265,81905,56,-8.142011003315721,0.3077396686989889,4.088491040633314,9.116074038265822,0.08556075187433088,True,walking_dual_task,P08,26,0.284
2026-04-03T01:32:42.196270,1395.91312664344,81905,55,-8.134862409194712,0.11304867597511492,4.448564069628061,9.272458611460861,0.15638457319503907,True,walking_dual_task,P08,26,0.284
2026-04-03T01:32:42.197110,1407.8364629817208,81736,56,-8.198719283511055,-0.23812360507671437,4.81397737290113,9.51052463789011,0.2380660264292498,True,walking_dual_task,P08,26,0.284
2026-04-03T01:32:42.255680,1372.4330024562212,81736,58,-8.255576298941492,-0.23676355721286288,4.746250674697594,9.525622944287473,0.015098306397362649,True,walking_dual_task,P08,26,0.284
2026-04-03T01:32:42.256154,1356.0217528112262,81614,56,-9.0068771426369,-0.9793931985198002,5.322787556678843,10.507859642829127,0.9822366985416533,True,walking_dual_task,P08,26,0.284
2026-04-03T01:32:42.315954,1330.0609215840186,81614,57,-8.95597045693366,-0.7353574138024298,5.3450925453241105,10.455628707523143,0.05223093530598355,True,walking_dual_task,P08,26,0.284
2026-04-03T01:32:42.316265,1415.9163018954173,81580,56,-9.566480179416436,-1.2907470783856696,5.867922441476679,11.29672894349131,0.8411002359681667,True,walking_dual_task,P08,26,0.284
2026-04-03T01:32:42.316967,1255.9047268793868,81580,57,-9.667031068722011,-0.8810526027207578,5.8115704661568275,11.313801070175485,0.017072126684174904,True,walking_dual_task,P08,26,0.284
2026-04-03T01:32:42.375824,1311.743873214534,81572,54,-9.675554683899614,-0.946858429356592,5.798370064432771,11.31962873642442,0.005827666248935159,True,walking_dual_task,P08,26,0.284
2026-04-03T01:32:42.376266,1420.859718379288,81572,57,-9.465177695868071,-0.2155661355507453,5.631014904746241,11.015642806056713,0.30398593036770727,True,walking_dual_task,P08,26,0.284
2026-04-03T01:32:42.376852,1396.2651565023943,81481,56,-9.525570711140979,-0.3091418742652212,5.548547443390324,11.02807529911382,0.012432493057106697,True,walking_dual_task,P08,26,0.284
2026-04-03T01:32:42.436005,1437.7715740083606,81481,54,-8.981818569590487,0.47293029364037753,5.644155533640514,10.618531893233081,0.4095434058807381,True,walking_dual_task,P08,26,0.284
2026-04-03T01:32:42.436140,1293.259279317991,81442,57,-8.996129745078033,0.2700862953903682,5.7832656839343,10.698105391526461,0.07957349829337979,True,walking_dual_task,P08,26,0.284
2026-04-03T01:32:42.437108,1362.1213883377818,81442,55,-8.864585265911618,0.11064013836567652,5.967502028269716,10.68663621698793,0.011469174538531135,True,walking_dual_task,P08,26,0.284
2026-04-03T01:32:42.495892,1416.5446364179961,81434,57,-8.733227711868505,-0.8541464879336222,6.3477847117454225,10.830198670239907,0.14356245325197747,True,walking_dual_task,P08,26,0.284
2026-04-03T01:32:42.496268,1359.649947363777,81434,54,-8.723686330164936,-0.7894970975587993,6.3235509123646825,10.803393216736515,0.026805453503392584,True,walking_dual_task,P08,26,0.284
2026-04-03T01:32:42.555886,1330.9136643702102,81414,56,-8.397569644743147,-1.3749631804195637,6.4439022262586,10.673967190665406,0.12942602607110842,True,walking_dual_task,P08,26,0.284
2026-04-03T01:32:42.556051,1374.7202798426315,81414,55,-8.402979860619372,-1.3625792544047222,6.4973457883536225,10.708977311393719,0.035010120728312444,True,walking_dual_task,P08,26,0.284
2026-04-03T01:32:42.556746,1400.309756192109,81401,55,-7.785975344753687,-1.3175717044537976,6.412690930855019,10.172512582452764,0.5364647289409543,True,walking_dual_task,P08,26,0.284
2026-04-03T01:32:42.557436,1318.4280832419724,81401,55,-7.985864440062954,-0.9043791504644955,6.26734950503474,10.191741868842444,0.019229286389679245,True,walking_dual_task,P08,26,0.284
2026-04-03T01:32:42.558015,1391.8756628073136,81409,55,-7.868830666548566,-0.9083039608795814,6.13761241860755,10.020668557796446,0.17107331104599766,True,walking_dual_task,P08,26,0.284
2026-04-03T01:32:42.675903,1314.3496406429142,81409,56,-7.733542681492704,-0.49182988358035523,6.279295068032941,9.973922277232505,0.0467462805639407,True,walking_dual_task,P08,26,0.284
2026-04-03T01:32:42.676320,1345.1499907858517,81383,56,-7.903509766100427,-0.8887845647602244,6.0790015345632735,10.010477724995122,0.03655544776261621,True,walking_dual_task,P08,26,0.284
2026-04-03T01:32:42.677063,1330.5221351868015,81383,56,-7.837044689273456,-0.8436087910426079,6.360942440911407,10.128797262784047,0.1183195377889259,True,walking_dual_task,P08,26,0.284
2026-04-03T01:32:42.677603,1430.0676579593937,81373,55,-7.99123400105939,-0.9096334995421359,6.287578577387081,10.208863713949457,0.08006645116540945,True,walking_dual_task,P08,26,0.284
2026-04-03T01:32:42.678318,1318.7836418129073,81373,55,-7.964858218236496,-1.1466430216015167,6.197719345818015,10.15704099357307,0.051822720376387466,True,walking_dual_task,P08,26,0.284
2026-04-03T01:32:42.678910,1425.0159610705152,81435,57,-8.024483853092635,-0.8569671597588134,6.227612597701558,10.193620185611225,0.03657919203815574,True,walking_dual_task,P08,26,0.284
2026-04-03T01:32:42.735593,1329.207488084065,81435,55,-7.965006784834017,-0.8640444328517869,6.202857485130943,10.13229227989595,0.06132790571527558,True,walking_dual_task,P08,26,0.284
2026-04-03T01:32:42.736221,1406.3981306712374,81507,57,-8.112257977451478,-0.8431939632848074,6.247369540460743,10.273720442348125,0.1414281624521756,True,walking_dual_task,P08,26,0.284
2026-04-03T01:32:42.736923,1398.5919774546303,81507,56,-7.9583393674342995,-0.8867164466096897,6.44666139950916,10.280120366214788,0.006399923866663215,True,walking_dual_task,P08,26,0.284
2026-04-03T01:32:42.795716,1301.3433678817307,81536,56,-7.931155340597202,-0.8434204021353142,6.214706472286355,10.111239268660372,0.16888109755441683,True,walking_dual_task,P08,26,0.284
2026-04-03T01:32:42.796253,1289.4351597979555,81536,55,-7.821402217689105,-1.0579591782157571,6.3063907064486,10.102681526012006,0.008557742648365618,True,walking_dual_task,P08,26,0.284
2026-04-03T01:32:42.796994,1343.126887618885,81531,56,-7.869594248445475,-0.8687267985835031,6.149676662471946,10.02515450946744,0.07752701654456651,True,walking_dual_task,P08,26,0.284
2026-04-03T01:32:42.855838,1377.7080706692823,81531,55,-8.158433492785253,-0.9414191800525957,6.511942918821393,10.48101653976174,0.45586203029430017,True,walking_dual_task,P08,26,0.284
2026-04-03T01:32:42.856181,1338.5966275687458,81492,55,-7.954980029355438,-0.9075191999672299,6.697840034998211,10.438695296835608,0.04232124292613193,True,walking_dual_task,P08,26,0.284
2026-04-03T01:32:42.856828,1322.868207010893,81492,54,-8.870763064768859,-0.9562618190291581,6.712318502996109,11.165128467844168,0.7264331710085603,True,walking_dual_task,P08,26,0.284
2026-04-03T01:32:42.915898,1226.0703569336963,81406,57,-9.958563832163376,-0.8367527197788536,7.072494462084528,12.243093017270846,1.077964549426678,True,walking_dual_task,P08,26,0.284
2026-04-03T01:32:42.916093,1356.0814335153873,81406,55,-9.926372558759473,-0.9163269408654535,6.90851295902102,12.128482120315399,0.11461089695544757,True,walking_dual_task,P08,26,0.284
2026-04-03T01:32:42.975731,1393.7084278658779,81202,54,-10.280425281286094,-0.6190992865685597,6.8382768882245895,12.362542565781625,0.23406044546622695,True,walking_dual_task,P08,26,0.284
2026-04-03T01:32:42.976243,1377.331856474494,81202,56,-10.33229446352405,-0.822571029401215,7.009956295474541,12.512890123542325,0.15034755776069986,True,walking_dual_task,P08,26,0.284
2026-04-03T01:32:42.976876,1331.882359052703,81061,55,-9.530237501240563,-0.6993510682120202,5.920332745972644,11.241212504427503,1.271677619114822,True,walking_dual_task,P08,26,0.284
2026-04-03T01:32:42.977474,1384.0770260417294,81061,57,-8.957037205846984,-0.9279179072889198,5.188059933849526,10.392570087654416,0.848642416773087,True,walking_dual_task,P08,26,0.284
2026-04-03T01:32:43.035891,1274.7985396926233,81164,57,-9.196165169072197,-0.6858600491740645,5.061854312576835,10.519611537773741,0.1270414501193251,True,walking_dual_task,P08,26,0.284
2026-04-03T01:32:43.095817,1366.8897470403901,81164,55,-9.281469325001842,-0.6627324079662222,4.875969549470398,10.505235176943037,0.014376360830704371,True,walking_dual_task,P08,26,0.284
2026-04-03T01:32:43.096327,1343.1314089154082,81302,57,-9.37927318342305,-0.5410853637559947,4.680116917971132,10.496048455777505,0.009186721165532319,True,walking_dual_task,P08,26,0.284
2026-04-03T01:32:43.096918,1356.5530031587396,81302,56,-9.382717314586179,-0.6778208200624125,4.828467943615365,10.573974085085823,0.07792562930831792,True,walking_dual_task,P08,26,0.284
2026-04-03T01:32:43.097504,1237.1321235311475,81350,54,-9.228083810800104,-0.9970975514164835,4.2131534007351705,10.193252470351064,0.3807216147347585,True,walking_dual_task,P08,26,0.284
2026-04-03T01:32:43.098173,1341.655094386889,81350,55,-8.563083623856036,-0.896597926456398,3.5188558607398805,9.301216885953188,0.8920355843978758,True,walking_dual_task,P08,26,0.284
2026-04-03T01:32:43.155638,1385.3246414900384,81461,55,-8.34576218952495,-0.7464073127015807,3.6102276242859315,9.123739030666972,0.17747785528621662,True,walking_dual_task,P08,26,0.284
2026-04-03T01:32:43.156573,1343.0124068908665,81461,54,-8.147989542263526,-0.7465849993353239,3.417299461722681,8.867077215923995,0.25666181474297645,True,walking_dual_task,P08,26,0.284
2026-04-03T01:32:43.157054,1338.074754893695,81565,55,-8.15977371719701,-0.8387708904157126,3.4597085926547573,8.902529262437561,0.035452046513565705,True,walking_dual_task,P08,26,0.284
2026-04-03T01:32:43.215542,1367.1930403932329,81565,55,-7.749478335971492,-0.7039584925064686,3.636626090080374,8.589238694897046,0.31329056754051443,True,walking_dual_task,P08,26,0.284
2026-04-03T01:32:43.216199,1411.3124889473872,81559,54,-7.517868769014358,-0.8552602612058274,3.888647738327065,8.507138307052232,0.08210038784481455,True,walking_dual_task,P08,26,0.284
2026-04-03T01:32:43.216821,1454.505643283223,81559,57,-7.427698390535401,-0.8496452259676796,3.798942695452834,8.385974361641365,0.12116394541086706,True,walking_dual_task,P08,26,0.284
2026-04-03T01:32:43.275728,1303.4222776806514,81471,56,-7.465713755769777,-1.2184413967757353,4.294510550066728,8.698522988709135,0.31254862706776976,True,walking_dual_task,P08,26,0.284
2026-04-03T01:32:43.276260,1288.9973461900656,81471,57,-7.42169707064907,-1.1060868156780317,4.388906429235368,8.692957787593432,0.005565201115702578,True,walking_dual_task,P08,26,0.284
2026-04-03T01:32:43.335924,1383.593200677628,81462,56,-7.7403090608734635,-1.2459458362726177,4.627446892511127,9.103737151729272,0.4107793641358395,True,walking_dual_task,P08,26,0.284
2026-04-03T01:32:43.395671,1376.7875211045957,81462,54,-7.66898490201392,-1.2927979904551947,5.2780617057830534,9.399073967231876,0.2953368155026048,True,walking_dual_task,P08,26,0.284
2026-04-03T01:32:43.396212,1369.8972885439157,81458,56,-8.192554088289896,-1.035500229589507,5.184424384593867,9.750305606215987,0.35123163898411036,True,walking_dual_task,P08,26,0.284
2026-04-03T01:32:43.396695,1380.243385476214,81458,55,-8.580156306261589,-0.7338927663905356,5.278862549417035,10.10069654271816,0.3503909365021727,True,walking_dual_task,P08,26,0.284
2026-04-03T01:32:43.397354,1298.0778522308026,81377,55,-8.45736879643823,-0.6243084057798923,5.250704628866437,9.97430433885461,0.1263922038635492,True,walking_dual_task,P08,26,0.284
2026-04-03T01:32:43.398091,1339.7489545843055,81377,56,-8.669540860178191,-0.824052664220948,5.385904273935285,10.239529596993371,0.2652252581387611,True,walking_dual_task,P08,26,0.284
2026-04-03T01:32:43.456181,1275.4439300807321,81343,55,-8.74795500373434,-1.0295753047300331,5.352910799049361,10.307298194873859,0.06776859788048739,True,walking_dual_task,P08,26,0.284
2026-04-03T01:32:43.515639,1363.5722172478843,81343,57,-9.440210475196697,-1.2895070209633814,5.568370917110502,11.035721854217302,0.7284236593434432,True,walking_dual_task,P08,26,0.284
2026-04-03T01:32:43.516061,1337.3172089924456,81314,56,-10.01658053287693,-1.6105635001033918,5.206291759252899,11.403125634752035,0.3674037805347332,True,walking_dual_task,P08,26,0.284
2026-04-03T01:32:43.516804,1389.5226082400982,81314,56,-9.862304885064459,-1.5686478150807042,5.193386225368701,11.255975039932041,0.14715059481999404,True,walking_dual_task,P08,26,0.284
2026-04-03T01:32:43.517449,1395.3010307829259,81297,56,-9.873910567876278,-1.6888461972702578,5.347594608759573,11.355310628956282,0.09933558902424089,True,walking_dual_task,P08,26,0.284
2026-04-03T01:32:43.518159,1333.1507698054074,81297,57,-10.000610832765682,-1.8087103977990466,5.326268818330191,11.474004961505516,0.118694332549234,True,walking_dual_task,P08,26,0.284
2026-04-03T01:32:43.518794,1358.0941647121465,81284,56,-8.976780762916187,-1.3148729247513085,5.59904263558411,10.661180146156186,0.8128248153493303,True,walking_dual_task,P08,26,0.284
2026-04-03T01:32:43.575818,1414.176918067242,81284,56,-9.042665005679298,-1.2461288387063698,5.563122887625702,10.689759761118001,0.02857961496181538,True,walking_dual_task,P08,26,0.284
2026-04-03T01:32:43.576162,1322.6967053788321,81311,55,-8.924629320036663,-0.6874467195757894,5.71115274160895,10.61785558059164,0.07190418052636183,True,walking_dual_task,P08,26,0.284
2026-04-03T01:32:43.576707,1296.7716073524562,81311,55,-8.836777694615554,-0.6910419665384195,6.03513587234364,10.723294457452024,0.10543887686038467,True,walking_dual_task,P08,26,0.284
2026-04-03T01:32:43.695940,1346.4043082168598,81312,56,-8.96252965132563,-0.6569176401318094,5.931004699825863,10.767325354337721,0.0440308968856975,True,walking_dual_task,P08,26,0.284
2026-04-03T01:32:43.696273,1349.8646914855724,81312,57,-8.977398018019715,-0.8630406410466256,5.68953634733908,10.66345807745944,0.10386727687828134,True,walking_dual_task,P08,26,0.284
2026-04-03T01:32:43.697050,1366.9781725278103,81375,55,-8.899351231272567,-0.5977548726816793,5.871483702346705,10.678486975798126,0.015028898338686147,True,walking_dual_task,P08,26,0.284
2026-04-03T01:32:43.697519,1368.5694095775611,81375,56,-8.992298459885392,-0.4835247452018482,5.746956084215266,10.682824158656668,0.004337182858542121,True,walking_dual_task,P08,26,0.284
2026-04-03T01:32:43.698477,1373.6818606546199,81426,56,-8.890553316022125,-0.6045487163117331,5.677150877728524,10.565862932289058,0.11696122636761075,True,walking_dual_task,P08,26,0.284
2026-04-03T01:32:43.755834,1368.101117461293,81426,56,-8.9279455185896,-0.6365467016069258,5.658762624585989,10.589381347729532,0.023518415440474172,True,walking_dual_task,P08,26,0.284
2026-04-03T01:32:43.755988,1289.494038822784,81418,55,-8.967003104967343,-0.5665346209668611,5.6850769151320915,10.632412976000126,0.043031628270593814,True,walking_dual_task,P08,26,0.284
2026-04-03T01:32:43.756983,1467.5282317330423,81418,56,-8.789793226474822,-0.6938304574947409,5.7853235588758025,10.545702174289458,0.0867108017106677,True,walking_dual_task,P08,26,0.284
2026-04-03T01:32:43.757786,1336.943233851213,81335,57,-8.973913076250996,-0.6813423682394552,5.6724712886667765,10.63824580669274,0.09254363240328267,True,walking_dual_task,P08,26,0.284
2026-04-03T01:32:43.815596,1369.2180944551178,81335,55,-8.86962285349608,-0.7218875000207886,5.813130183017776,10.629384443638235,0.008861363054505134,True,walking_dual_task,P08,26,0.284
2026-04-03T01:32:43.816073,1457.4482179124702,81255,55,-8.907687353865722,-0.6660265829945996,5.8551467979923615,10.680506983730453,0.051122540092217506,True,walking_dual_task,P08,26,0.284
2026-04-03T01:32:43.816790,1418.9923232781036,81255,56,-7.194322462604731,0.9223761196739088,5.370000765927515,9.0247416377504,1.6557653459800523,True,walking_dual_task,P08,26,0.284
2026-04-03T01:32:43.875729,1357.2230789274145,81231,55,-6.937871510755296,0.769115220887905,5.363649452027611,8.803086661335756,0.22165497641464427,True,walking_dual_task,P08,26,0.284
2026-04-03T01:32:43.876314,1309.2535682973278,81231,55,-6.914640124975632,0.7532027676135538,5.404023248487949,8.80812294063054,0.005036279294783341,True,walking_dual_task,P08,26,0.284
2026-04-03T01:32:43.877037,1286.2049323633987,81284,55,-7.012746645566135,0.37985640702049245,5.625326203960108,8.998177665828445,0.19005472519790523,True,walking_dual_task,P08,26,0.284
2026-04-03T01:32:43.935643,1326.2295096728737,81284,58,-7.062774040285866,0.48846899804742533,5.513735046265704,8.973441550854837,0.02473611497360828,True,walking_dual_task,P08,26,0.284
2026-04-03T01:32:43.936249,1383.2319986877899,81425,54,-7.459959266905657,0.25043172522292145,5.896300179602693,9.512100930965381,0.5386593801105448,True,walking_dual_task,P08,26,0.284
2026-04-03T01:32:43.936869,1284.198631202182,81425,58,-8.445863480490136,-0.07929538004086133,6.079020028138675,10.406410629553491,0.8943096985881098,True,walking_dual_task,P08,26,0.284
2026-04-03T01:32:43.995596,1362.5902952810773,81433,56,-8.45303061244173,0.05124605094408691,6.228540465288876,10.500050905607807,0.09364027605431602,True,walking_dual_task,P08,26,0.284
2026-04-03T01:32:43.996129,1381.0874551904262,81433,55,-8.609621355712209,-0.023235739482248184,6.229266783222766,10.626847342692352,0.12679643708454513,True,walking_dual_task,P08,26,0.284
2026-04-03T01:32:43.997244,1396.5697116224806,81388,56,-9.646916021161655,-0.22055146969266098,6.661303379462626,11.725382483457382,1.09853514076503,True,walking_dual_task,P08,26,0.284
2026-04-03T01:32:44.055631,1381.2365802677643,81388,57,-9.641361249365932,-0.32705312633626066,6.63021703856775,11.705664802425169,0.01971768103221372,True,walking_dual_task,P08,26,0.284
2026-04-03T01:32:44.056047,1301.9302790827012,81273,57,-10.817954009023484,-1.346046547994694,7.011447255254711,12.961495394588331,1.2558305921631625,True,walking_dual_task,P08,26,0.284
2026-04-03T01:32:44.056786,1342.856123395521,81273,57,-10.801963868633635,-1.3178192158297448,6.940797564245886,12.90711980779284,0.054375586795490705,True,walking_dual_task,P08,26,0.284
2026-04-03T01:32:44.115812,1281.6604976935032,81216,55,-11.236813301124354,-2.307989448038424,6.900682203519679,13.387016222092027,0.47989641429918706,True,walking_dual_task,P08,26,0.284
2026-04-03T01:32:44.116089,1350.2058588292848,81216,57,-10.371912049896206,-1.9950933280442187,5.813170005467842,12.056114733646975,1.3309014884450523,True,walking_dual_task,P08,26,0.284
2026-04-03T01:32:44.116938,1398.9241171967049,81232,55,-10.301077342491169,-1.9881245674430907,5.787238423831348,11.98152587469249,0.07458885895448475,True,walking_dual_task,P08,26,0.284
2026-04-03T01:32:44.175632,1327.1754316744623,81232,56,-9.689904814002976,-1.0152373717906438,4.719195704314952,10.825699530337202,1.1558263443552885,True,walking_dual_task,P08,26,0.284
2026-04-03T01:32:44.176203,1326.1210668444885,81306,56,-9.620173464114348,-1.1315825744502752,4.56814391178181,10.709629097274966,0.11607043306223552,True,walking_dual_task,P08,26,0.284
2026-04-03T01:32:44.177000,1400.3009513838044,81306,57,-8.650198475837886,-0.1078474472519371,4.236786728857348,9.632648988159415,1.076980109115551,True,walking_dual_task,P08,26,0.284
2026-04-03T01:32:44.235676,1327.6287692030878,81366,55,-7.91038126016788,-0.7264415242021707,3.666300996539884,8.74892061722643,0.8837283709329853,True,walking_dual_task,P08,26,0.284
2026-04-03T01:32:44.236342,1391.235046085379,81366,56,-7.908465344448199,-0.8053594247734165,3.861131502623735,8.83746368524154,0.08854306801510958,True,walking_dual_task,P08,26,0.284
2026-04-03T01:32:44.295648,1437.298938473679,81544,54,-7.0816063608149555,-1.4568821619286514,3.3189270916856572,7.9553083738599195,0.8821553113816201,True,walking_dual_task,P08,26,0.284
2026-04-03T01:32:44.296309,1266.1112850099446,81544,56,-7.179033820301625,-1.4771646253382278,3.346637262934337,8.057327279752622,0.10201890589270235,True,walking_dual_task,P08,26,0.284
2026-04-03T01:32:44.296724,1277.3665672770605,81809,55,-6.5553189693151,-1.7375708179146245,3.470272441164588,7.618014830166538,0.43931244958608406,True,walking_dual_task,P08,26,0.284
2026-04-03T01:32:44.415951,1337.2745678158303,81809,55,-6.57343163870364,-2.0323731218440044,3.3223233410006707,7.640574349959682,0.022559519793143856,True,walking_dual_task,P08,26,0.284
2026-04-03T01:32:44.416271,1366.0777553823357,82071,56,-6.372145593012713,-1.94237336883174,3.8833176401076637,7.710850125405723,0.07027577544604124,True,walking_dual_task,P08,26,0.284
2026-04-03T01:32:44.416866,1407.2275106549596,82071,55,-6.784548367129095,-1.2188703845467335,4.236591696041136,8.091010490612646,0.3801603652069234,True,walking_dual_task,P08,26,0.284
2026-04-03T01:32:44.417588,1360.186828870398,82095,56,-6.74937016255674,-1.3402227384467456,4.402899588217093,8.169193311691378,0.07818282107873209,True,walking_dual_task,P08,26,0.284
2026-04-03T01:32:44.418230,1459.8333599720613,82095,55,-7.148223494388645,-0.5745873088541044,4.260466302560645,8.341392138994593,0.17219882730321423,True,walking_dual_task,P08,26,0.284
2026-04-03T01:32:44.418973,1264.1900935413748,81890,58,-7.395017306379706,-0.4012785671707664,4.175584228753898,8.50192972809963,0.16053758910503824,True,walking_dual_task,P08,26,0.284
2026-04-03T01:32:44.475868,1386.2139495170934,81890,55,-7.9533372422066195,-0.09128840116740718,4.532914996804077,9.154847089313387,0.6529173612137562,True,walking_dual_task,P08,26,0.284
2026-04-03T01:32:44.476202,1359.9120513061762,81672,56,-8.07996096118974,-0.3999370690604372,4.934336073221589,9.475937488030128,0.3210903987167413,True,walking_dual_task,P08,26,0.284
2026-04-03T01:32:44.477089,1333.1751053841135,81672,57,-8.173184198380996,-0.4406333456525026,4.603127712553193,9.390627371163276,0.08531011686685197,True,walking_dual_task,P08,26,0.284
2026-04-03T01:32:44.477713,1360.1718493070573,81517,56,-8.588471046088607,-1.213687609412383,4.968821217970535,9.996202119750164,0.6055747485868874,True,walking_dual_task,P08,26,0.284
2026-04-03T01:32:44.535516,1362.8022684690354,81517,57,-8.69222170370925,-1.2110148933315497,5.0001010842483025,10.10060820302451,0.10440608327434653,True,walking_dual_task,P08,26,0.284
2026-04-03T01:32:44.536127,1383.8811647668515,81483,55,-9.758632270160822,-2.186625014612612,5.18961516418345,11.26695780994482,1.1663496069203099,True,walking_dual_task,P08,26,0.284
2026-04-03T01:32:44.536752,1336.052088589587,81483,56,-10.758857078948473,-2.2099555632660985,5.3970708256990125,12.237862670191307,0.9709048602464865,True,walking_dual_task,P08,26,0.284
2026-04-03T01:32:44.595650,1342.6443682310787,81489,55,-10.843428772567899,-2.0351837794933423,5.531385814228203,12.341723930955157,0.10386126076384983,True,walking_dual_task,P08,26,0.284
2026-04-03T01:32:44.596181,1399.6855142258178,81489,55,-10.701602797671857,-2.2855220270957197,5.378773128696328,12.193404518241143,0.14831941271401305,True,walking_dual_task,P08,26,0.284
2026-04-03T01:32:44.596638,1431.1392843205201,81424,57,-10.741234846478976,-2.268085804476178,5.492461008044662,12.275400896450249,0.0819963782091051,True,walking_dual_task,P08,26,0.284
2026-04-03T01:32:44.655973,1339.7333371037782,81424,57,-10.545948279920374,-2.1527150485687936,5.53904520755432,12.105049732009387,0.17035116444086107,True,walking_dual_task,P08,26,0.284
2026-04-03T01:32:44.656374,1364.170317769352,81312,57,-10.763894542860568,-2.3044827850353,5.632844476040893,12.36531453411566,0.26026480210627234,True,walking_dual_task,P08,26,0.284
2026-04-03T01:32:44.656968,1308.493768434216,81312,56,-10.795102322893374,-2.2974901452169205,5.383636346705796,12.279911866242303,0.08540266787335682,True,walking_dual_task,P08,26,0.284
2026-04-03T01:32:44.715668,1386.9656804502074,81298,56,-10.60323228768696,-2.091241192293416,5.521640282060473,12.136323004743444,0.1435888614988592,True,walking_dual_task,P08,26,0.284
2026-04-03T01:32:44.715982,1370.079602143524,81298,55,-10.729273278449284,-2.097644352878145,5.758809502838146,12.356427631188003,0.22010462644455941,True,walking_dual_task,P08,26,0.284
2026-04-03T01:32:44.716795,1388.198060356755,81315,56,-10.650702553787808,-2.141788587726434,5.491390084877636,12.172924394247659,0.18350323694034465,True,walking_dual_task,P08,26,0.284
2026-04-03T01:32:44.776212,1416.5419928834735,81315,56,-10.695029247420068,-2.321482323401148,5.539739572927749,12.266280826595175,0.093356432347516,True,walking_dual_task,P08,26,0.284
2026-04-03T01:32:44.776236,1339.0099881554834,81348,56,-10.620947680682686,-2.1750147146268426,5.543583376721454,12.176474666310634,0.08980616028454058,True,walking_dual_task,P08,26,0.284
2026-04-03T01:32:44.776762,1318.1151016977462,81348,54,-10.719202379184672,-2.2350429333398143,5.47352267434609,12.241575349046027,0.06510068273539282,True,walking_dual_task,P08,26,0.284
2026-04-03T01:32:44.835916,1508.7420683427679,81438,57,-10.81487320858319,-2.140346180462453,5.519264295072926,12.329024399717017,0.0874490506709904,True,walking_dual_task,P08,26,0.284
2026-04-03T01:32:44.836190,1345.421958130818,81438,57,-8.061548719244508,0.32946213466033963,5.237983351609211,9.619437750859609,2.7095866488574085,True,walking_dual_task,P08,26,0.284
2026-04-03T01:32:44.836914,1295.5038629881876,81498,57,-8.187245705732865,0.23612443501788333,5.197745967613843,9.700686065361548,0.08124831450193959,True,walking_dual_task,P08,26,0.284
2026-04-03T01:32:44.895881,1347.1959248580597,81498,57,-8.603677944907094,0.71852834444573,5.445492489024667,10.207494580428477,0.506808515066929,True,walking_dual_task,P08,26,0.284
2026-04-03T01:32:44.896515,1287.01958017415,81431,57,-8.003707419335885,0.8272816165515994,5.0422931046077295,9.49570677096714,0.7117878094613381,True,walking_dual_task,P08,26,0.284
2026-04-03T01:32:44.896809,1314.9655308792067,81431,56,-7.948375769688613,0.9694786957492636,5.070984979390231,9.47794571512657,0.01776105584056964,True,walking_dual_task,P08,26,0.284
2026-04-03T01:32:44.956076,1313.1144610257284,81404,57,-6.918660614631354,1.2236118881934996,4.628057939436004,8.413323424435566,1.0646222906910037,True,walking_dual_task,P08,26,0.284
2026-04-03T01:32:44.956440,1399.6749709686994,81404,56,-7.110702478790535,1.3165581949866345,4.288660441419905,8.40761699915406,0.005706425281506,True,walking_dual_task,P08,26,0.284
2026-04-03T01:32:44.956816,1481.2086760123973,81470,56,-7.0026264454901455,1.3156807042308485,4.535105339539298,8.446003391621458,0.03838639246739817,True,walking_dual_task,P08,26,0.284
2026-04-03T01:32:45.015533,1387.2469856764076,81470,56,-7.246221029498642,1.1348722473624664,4.719379301632924,8.721708274120568,0.2757048824991095,True,walking_dual_task,P08,26,0.284
2026-04-03T01:32:45.015981,1295.244940019575,81552,56,-7.111049920907817,1.0644399372158397,4.636390740114979,8.555476751917864,0.16623152220270399,True,walking_dual_task,P08,26,0.284
2026-04-03T01:32:45.016691,1373.6874582383039,81552,54,-7.203831069696459,1.2434426851897424,4.80834822686031,8.74994539770544,0.19446864578757683,True,walking_dual_task,P08,26,0.284
2026-04-03T01:32:45.136075,1368.0544567801933,81578,58,-7.895881285609919,1.045803903440457,5.105660229247388,9.460782919896996,0.7108375221915555,True,walking_dual_task,P08,26,0.284
2026-04-03T01:32:45.136293,1400.170287531295,81578,55,-7.98701756047294,0.9052814682659632,5.198947079485936,9.572932402528716,0.11214948263171998,True,walking_dual_task,P08,26,0.284
2026-04-03T01:32:45.137071,1287.4788991976068,81634,56,-8.991500045064523,0.33111990037659866,5.752010251686838,10.679060604019963,1.1061282014912468,True,walking_dual_task,P08,26,0.284
2026-04-03T01:32:45.137699,1397.362434962501,81634,57,-9.688938145587564,-0.41165562209206585,6.1583638732350785,11.487838279475767,0.8087776754558043,True,walking_dual_task,P08,26,0.284
2026-04-03T01:32:45.138410,1406.1576718339436,81535,57,-9.620442486189097,-0.28611485701031764,6.157970231148159,11.426082999400153,0.06175528007561404,True,walking_dual_task,P08,26,0.284
2026-04-03T01:32:45.139048,1405.8389057736274,81535,58,-10.739496399894941,-0.5064456075055355,6.129116577966701,12.375756142677679,0.9496731432775256,True,walking_dual_task,P08,26,0.284
2026-04-03T01:32:45.195753,1297.5414108503953,81453,57,-11.008036754523955,-0.6200977166482562,5.920812452731882,12.514687949268556,0.13893180659087712,True,walking_dual_task,P08,26,0.284
2026-04-03T01:32:45.196160,1441.536061089978,81453,57,-10.595385149428058,0.19745017130452294,5.299131524726962,11.84828966354317,0.6663982857253856,True,walking_dual_task,P08,26,0.284
2026-04-03T01:32:45.196822,1346.1005589319443,81364,55,-10.507767107976171,0.37060990342896616,4.971254315183262,11.63030054479306,0.2179891187501095,True,walking_dual_task,P08,26,0.284
2026-04-03T01:32:45.255769,1342.2554319726644,81364,55,-10.390194762005034,0.22735071574239263,5.174082803589512,11.609434456455928,0.020866088337132993,True,walking_dual_task,P08,26,0.284
2026-04-03T01:32:45.256244,1451.6871443873601,81305,56,-10.525451081920496,-1.0449170750616772,4.837381706273448,11.630874169375481,0.0214397129195536,True,walking_dual_task,P08,26,0.284
2026-04-03T01:32:45.256910,1362.0858610616178,81305,56,-10.192888247725593,-1.1533195579138307,4.762332762033609,11.309506185931715,0.32136798344376594,True,walking_dual_task,P08,26,0.284
2026-04-03T01:32:45.315660,1337.0063537490828,81215,55,-9.609449038249643,-0.875419893546368,4.113174962618017,10.48933167946564,0.8201745064660759,True,walking_dual_task,P08,26,0.284
2026-04-03T01:32:45.316089,1395.2474699487125,81215,56,-9.716399249011166,-0.9226907682480852,4.19324351593915,10.622761590281538,0.13342991081589872,True,walking_dual_task,P08,26,0.284
2026-04-03T01:32:45.316892,1280.1657070900233,81208,56,-9.381391751833975,-0.38374396193657007,3.8092878836930897,10.132543846959276,0.49021774332226187,True,walking_dual_task,P08,26,0.284
2026-04-03T01:32:45.436090,1306.0323613758014,81208,57,-8.454094322856132,-0.2590769965621291,3.5819525938342966,9.185271694096599,0.9472721528626771,True,walking_dual_task,P08,26,0.284
2026-04-03T01:32:45.436243,1342.4302049807716,81325,57,-8.516506297521516,-0.25535888523581096,3.467615709466416,9.198937242123723,0.01366554802712372,True,walking_dual_task,P08,26,0.284
2026-04-03T01:32:45.437139,1337.5605174666905,81325,57,-7.809923691873046,-0.45776943211905474,3.7660278336449915,8.6825933090092,0.5163439331145234,True,walking_dual_task,P08,26,0.284
2026-04-03T01:32:45.437823,1378.4641940587865,81454,56,-7.84825090182095,-0.30721822201815485,3.5765385369185148,8.630240620048585,0.05235268896061385,True,walking_dual_task,P08,26,0.284
2026-04-03T01:32:45.438447,1451.6888981393759,81454,55,-7.407294188037815,-0.40745182480090025,3.7545083738193137,8.314466748189671,0.31577387185891403,True,walking_dual_task,P08,26,0.284
2026-04-03T01:32:45.439344,1393.260412169127,81462,56,-6.897180057262935,-0.11417291882699711,3.624014719529277,7.7921505943522344,0.522316153837437,True,walking_dual_task,P08,26,0.284
2026-04-03T01:32:45.495506,1359.8232449722818,81462,56,-6.735672979997569,-0.13103001914447598,3.4653225068720643,7.575943468375436,0.2162071259767986,True,walking_dual_task,P08,26,0.284
2026-04-03T01:32:45.496177,1406.0646606850516,81483,55,-6.996867213826057,-0.040811841768779854,3.5777969123535076,7.858654284315405,0.2827108159399687,True,walking_dual_task,P08,26,0.284
2026-04-03T01:32:45.496924,1282.012954901531,81483,56,-6.829691825797013,-0.07419365368451947,3.483189378848559,7.66699441649262,0.19165986782278477,True,walking_dual_task,P08,26,0.284
2026-04-03T01:32:45.556057,1365.815907565533,81522,55,-7.426649668623253,-0.2234423251634476,3.6762676114857276,8.28975242841397,0.6227580119213494,True,walking_dual_task,P08,26,0.284
2026-04-03T01:32:45.556236,1367.293665144369,81522,56,-7.139547581018409,-0.17565756890856307,3.8774470749646603,8.126413173245172,0.16333925516879688,True,walking_dual_task,P08,26,0.284
2026-04-03T01:32:45.556939,1381.5134039858017,81536,55,-7.7252481851890185,-0.6792958388618424,3.9665118307495177,8.710575093697152,0.5841619204519795,True,walking_dual_task,P08,26,0.284
2026-04-03T01:32:45.616109,1323.109302160553,81536,56,-7.724696221486486,-0.5559420382324126,3.9589312500954166,8.697881345885541,0.012693747811610478,True,walking_dual_task,P08,26,0.284
2026-04-03T01:32:45.616356,1366.0883080229441,81481,56,-7.649655129300313,-0.7605603940039973,3.967624839845636,8.650879873164245,0.04700147272129662,True,walking_dual_task,P08,26,0.284
2026-04-03T01:32:45.617180,1289.148385320423,81481,56,-7.795843558641981,-0.672475228039666,3.974133652178613,8.776168754560569,0.12528888139632421,True,walking_dual_task,P08,26,0.284
2026-04-03T01:32:45.675879,1379.9993384027807,81428,57,-7.653480538704437,-0.6155571190030209,4.024143840534036,8.66881817622165,0.10735057833891837,True,walking_dual_task,P08,26,0.284
2026-04-03T01:32:45.676603,1354.8957422844792,81428,55,-7.806060721345195,-0.5728309467465351,3.907587232160262,8.748254526236687,0.0794363500150368,True,walking_dual_task,P08,26,0.284
2026-04-03T01:32:45.677042,1341.2261907410104,81360,56,-7.810062927083033,-0.6461836431716915,3.848497583898367,8.730725621560387,0.017528904676300527,True,walking_dual_task,P08,26,0.284
2026-04-03T01:32:45.735647,1411.8655273075997,81360,56,-7.768836201323646,-0.6171740194020408,4.133129478014917,8.821478276074682,0.09075265451429537,True,walking_dual_task,P08,26,0.284
2026-04-03T01:32:45.736182,1418.893134646503,81270,56,-7.708941167697628,-0.4117629076460033,4.09120148886544,8.737004763740897,0.0844735123337852,True,walking_dual_task,P08,26,0.284
2026-04-03T01:32:45.736889,1303.0779066754592,81270,55,-7.8296311955754625,-0.5715799750366728,3.8365731448217835,8.737798453967628,0.0007936902267307033,True,walking_dual_task,P08,26,0.284
2026-04-03T01:32:45.795677,1401.1391586205016,81224,57,-7.663034404747672,-0.4610175123645257,4.1213656068553375,8.71322488522036,0.024573568747268126,True,walking_dual_task,P08,26,0.284
2026-04-03T01:32:45.796228,1312.522096785431,81224,55,-7.8134988227618685,-0.6720630575839855,3.9646609557143178,8.787546250258703,0.07432136503834386,True,walking_dual_task,P08,26,0.284
2026-04-03T01:32:45.796873,1375.917393741902,81297,56,-7.6412692824069595,-0.44205106594486443,3.993944414508583,8.633423271063656,0.1541229791950478,True,walking_dual_task,P08,26,0.284
2026-04-03T01:32:45.855973,1393.9723284703778,81297,56,-7.8535883499301224,0.7543745250085032,5.715262134108566,9.742286803195395,1.108863532131739,True,walking_dual_task,P08,26,0.284
2026-04-03T01:32:45.856094,1407.2101662596415,81384,56,-7.565398009282418,0.264773498956,5.6484695895246135,9.445134236652654,0.29715256654274036,True,walking_dual_task,P08,26,0.284
2026-04-03T01:32:45.856923,1454.2579119160753,81384,55,-7.97640474779996,0.5041893339590813,5.7838868603820455,9.865626528452408,0.42049229179975356,True,walking_dual_task,P08,26,0.284
2026-04-03T01:32:45.915628,1349.5301689644073,81495,57,-8.369110198085568,-0.4020074227511994,5.850973028359167,10.219466759779268,0.3538402313268598,True,walking_dual_task,P08,26,0.284
2026-04-03T01:32:45.916202,1333.9987146856038,81495,56,-8.409079323572776,-0.6946141414436574,5.967604225039168,10.334766763809332,0.11530000403006468,True,walking_dual_task,P08,26,0.284
2026-04-03T01:32:45.916805,1374.5827201691604,81579,57,-9.688257304839206,-1.3974505453346695,6.24563951008546,11.611339738435309,1.2765729746259762,True,walking_dual_task,P08,26,0.284
2026-04-03T01:32:45.976059,1408.0828913315588,81579,56,-9.7802817458224,-1.4088135748385122,6.1997549049537355,11.665145845544068,0.053806107108758994,True,walking_dual_task,P08,26,0.284
2026-04-03T01:32:46.036012,1325.0745376479645,81538,54,-10.349035707987609,-1.1915283329353559,6.074072997069026,12.05888231251609,0.39373646697202247,True,walking_dual_task,P08,26,0.284
2026-04-03T01:32:46.155943,1367.4214527614247,81538,55,-10.127828936937213,-1.143591409902673,6.077835352451131,11.866794127318917,0.1920881851971732,True,walking_dual_task,P08,26,0.284
2026-04-03T01:32:46.215839,1341.1160987668147,81479,55,-9.31376497238433,-0.41625437136823595,5.384993598935418,10.76650554836953,1.100288578949387,True,walking_dual_task,P08,26,0.284
2026-04-03T01:32:46.275692,1275.6807035953161,81479,56,-9.34234535822047,-0.2962677028826392,5.386893137540649,10.788225480555987,0.02171993218645696,True,walking_dual_task,P08,26,0.284
2026-04-03T01:32:46.276112,1353.6609132299602,81455,56,-8.240664278923093,0.904201072265215,4.570194183328811,9.466403868964028,1.3218216115919592,True,walking_dual_task,P08,26,0.284
2026-04-03T01:32:46.276815,1329.668907794901,81455,55,-8.0998068152052,0.9206544333472578,4.554249876203998,9.337862012483944,0.12854185648008354,True,walking_dual_task,P08,26,0.284
2026-04-03T01:32:46.277398,1391.9485469780616,81404,55,-7.0403480260187905,0.9121408133357564,4.315969859684927,8.308194570454415,1.0296674420295293,True,walking_dual_task,P08,26,0.284
2026-04-03T01:32:46.278786,1321.6396244078471,81404,54,-6.770397897682907,0.41063185178578576,4.53542143428491,8.159470190963452,0.14872437949096273,True,walking_dual_task,P08,26,0.284
2026-04-03T01:32:46.278947,1456.6350725454204,81500,57,-6.850976805494083,0.3497876555455025,4.663179203742862,8.29478600565499,0.13531581469153764,True,walking_dual_task,P08,26,0.284
2026-04-03T01:32:46.279555,1368.205901222297,81500,56,-7.121318484531852,0.035908563547365574,5.189411679610715,8.811609385552174,0.5168233798971844,True,walking_dual_task,P08,26,0.284
2026-04-03T01:32:46.280726,1233.9333695121961,81606,56,-7.442917709295368,-0.03376996183028181,4.962217477597229,8.945488624588151,0.1338792390359771,True,walking_dual_task,P08,26,0.284
2026-04-03T01:32:46.280948,1425.3824552505237,81606,56,-8.478198310471887,-0.6089137003937934,5.5313652506971005,10.141332457958127,1.1958438333699757,True,walking_dual_task,P08,26,0.284
2026-04-03T01:32:46.281679,1360.3217577792034,81616,56,-9.290252358797623,-0.4796894251328707,5.587437517289882,10.851651894727716,0.7103194367695895,True,walking_dual_task,P08,26,0.284
2026-04-03T01:32:46.282326,1328.13496047226,81616,55,-9.341508569935435,-0.23997736116371687,5.703967944360457,10.947904904882026,0.0962530101543102,True,walking_dual_task,P08,26,0.284
2026-04-03T01:32:46.283024,1323.113394506373,81494,56,-9.751043529634398,0.21099577959470167,5.282986502265646,11.092218692351528,0.14431378746950152,True,walking_dual_task,P08,26,0.284
2026-04-03T01:32:46.283753,1368.9981513870446,81494,56,-9.455733109761521,0.4078511382505593,5.418195183376958,10.90568981033212,0.18652888201940776,True,walking_dual_task,P08,26,0.284
2026-04-03T01:32:46.284780,1411.7283974268696,81440,55,-8.655882884112371,-0.008744193474771863,5.312069785099281,10.155908150734415,0.7497816595977049,True,walking_dual_task,P08,26,0.284
2026-04-03T01:32:46.335648,1298.296317191692,81440,54,-8.480686062758597,-0.04047068615064364,5.018534895859455,9.85440847907496,0.3014996716594549,True,walking_dual_task,P08,26,0.284
2026-04-03T01:32:46.336152,1279.649143474758,81435,55,-8.584214630153609,-0.1246155283586806,5.017407932325168,9.943774545202183,0.08936606612722287,True,walking_dual_task,P08,26,0.284
2026-04-03T01:32:46.336869,1413.7287727118787,81435,55,-10.034135416116278,-0.24052825092762817,4.861502543063159,11.152395902435622,1.2086213572334383,True,walking_dual_task,P08,26,0.284
2026-04-03T01:32:46.395632,1375.0858696177086,81417,56,-10.002418730033664,-0.47012868783343503,4.801972544023379,11.105329429945185,0.04706647249043705,True,walking_dual_task,P08,26,0.284
2026-04-03T01:32:46.395966,1410.7059501608096,81417,55,-10.76395052630056,-0.7580897600782938,4.887037821476347,11.845694141143522,0.7403647111983371,True,walking_dual_task,P08,26,0.284
2026-04-03T01:32:46.396694,1390.2541305380769,81386,57,-10.82399916660638,-0.7490384931680762,4.683228073101849,11.817471887321432,0.028222253822089982,True,walking_dual_task,P08,26,0.284
2026-04-03T01:32:46.455893,1397.2846878765922,81386,56,-10.337380742131069,-1.1832781475166851,4.862904974213802,11.485183175309226,0.3322887120122058,True,walking_dual_task,P08,26,0.284
2026-04-03T01:32:46.456372,1360.7754271668389,81393,56,-9.308924363120946,-1.5194136299541388,4.899019031856296,10.628503095529837,0.8566800797793892,True,walking_dual_task,P08,26,0.284
2026-04-03T01:32:46.457138,1275.5935933138958,81393,56,-9.399106542116513,-1.6181435575417555,5.03703798112865,10.78579361874702,0.15729052321718306,True,walking_dual_task,P08,26,0.284
2026-04-03T01:32:46.516034,1370.4637556705109,81555,55,-8.270704608574095,-1.1374607353443487,4.808657085702151,9.634394356398973,1.151399262348047,True,walking_dual_task,P08,26,0.284
2026-04-03T01:32:46.516376,1365.3528511764937,81555,55,-8.12795255232427,-1.3063497967622946,4.811679836011196,9.535325129675037,0.0990692267239357,True,walking_dual_task,P08,26,0.284
2026-04-03T01:32:46.517004,1324.4706454614754,81690,56,-7.343333732154531,-0.04805193060508781,4.207207584905204,8.463300476310488,1.072024653364549,True,walking_dual_task,P08,26,0.284
2026-04-03T01:32:46.575676,1333.6099334631872,81690,56,-7.087965467929946,1.1380919908307294,3.3930266679128,7.940222781718903,0.5230776945915849,True,walking_dual_task,P08,26,0.284
2026-04-03T01:32:46.576437,1397.8687988544038,81654,57,-6.878758189655629,1.0980933835882003,3.6054903386613484,7.843639709536313,0.09658307218259043,True,walking_dual_task,P08,26,0.284
2026-04-03T01:32:46.577055,1290.6133862421634,81654,56,-6.94476176461304,1.1857203643091503,3.611291012868985,7.916885216371206,0.07324550683489317,True,walking_dual_task,P08,26,0.284
2026-04-03T01:32:46.636009,1405.224174145569,81728,55,-6.859114972603238,1.1030040734598383,3.5494294932510426,7.801443835663965,0.11544138070724141,True,walking_dual_task,P08,26,0.284
2026-04-03T01:32:46.636365,1213.3647594730826,81728,57,-7.0423194913578895,1.1354847327555626,3.4537041818554095,7.925380872390031,0.12393703672606637,True,walking_dual_task,P08,26,0.284
2026-04-03T01:32:46.636913,1398.6772901122063,81883,55,-7.006070610312481,1.14270583188296,3.5138460034716874,7.920726971119353,0.004653901270677885,True,walking_dual_task,P08,26,0.284
2026-04-03T01:32:46.696087,1460.2891737259763,81883,55,-7.152679923977744,1.1542473140449612,3.445578793394867,8.022788179825435,0.10206120870608171,True,walking_dual_task,P08,26,0.284
2026-04-03T01:32:46.696295,1373.549373854468,81950,55,-7.153691236815966,1.0244478138239133,3.3770706773779007,7.976803745545691,0.045984434279743525,True,walking_dual_task,P08,26,0.284
2026-04-03T01:32:46.697283,1334.910930398226,81950,54,-6.975752080356144,1.0705211886391899,3.3957178544910493,7.831860088716335,0.14494365682935584,True,walking_dual_task,P08,26,0.284
2026-04-03T01:32:46.755820,1268.0861676543063,81908,55,-6.877857708779789,1.1356876120250037,3.3700321470734016,7.7428566877242915,0.08900340099204396,True,walking_dual_task,P08,26,0.284
2026-04-03T01:32:46.756344,1342.46165644879,81908,56,-7.015974633863748,1.2304689600021752,3.4887652958603526,7.931546962235549,0.18869027451125753,True,walking_dual_task,P08,26,0.284
2026-04-03T01:32:46.756929,1455.0046675473347,81940,55,-7.148471320710688,1.1716541103918394,3.418674617464369,8.010040681389604,0.07849371915405534,True,walking_dual_task,P08,26,0.284
2026-04-03T01:32:46.875872,1461.2489895491694,81940,56,-6.79190119788896,1.1371706593230058,3.3772772402976985,7.670011769752602,0.34002891163700255,True,walking_dual_task,P08,26,0.284
2026-04-03T01:32:46.876802,1309.5585358894955,82032,55,-6.853111433464282,1.1992155418782806,3.3974374903400775,7.742469614801829,0.07245784504922703,True,walking_dual_task,P08,26,0.284
2026-04-03T01:32:46.877019,1403.0574874561842,82032,56,-11.94568898754404,-2.3517423209893127,1.8087141156751962,12.30859959880513,4.566129984003302,True,walking_dual_task,P08,26,0.284
2026-04-03T01:32:46.877639,1406.6529974184373,81993,56,-10.434992159979949,-0.8531443965822754,1.7331147462590555,10.612285496723283,1.696314102081848,True,walking_dual_task,P08,26,0.284
2026-04-03T01:32:46.878301,1348.3292908593207,81993,55,-10.55860469201624,-0.8928496842773901,1.8037246533096025,10.748708584101555,0.13642308737827236,True,walking_dual_task,P08,26,0.284
2026-04-03T01:32:46.878920,1370.7639268613236,81992,57,-10.638286877990982,-0.874898626636489,1.9716094367275057,10.85476112479305,0.10605254069149517,True,walking_dual_task,P08,26,0.284
2026-04-03T01:32:46.935527,1478.3691454516759,81992,56,-9.358428759072886,0.3897940134125615,2.705102139955614,9.749343865057135,1.1054172597359155,True,walking_dual_task,P08,26,0.284
2026-04-03T01:32:46.935930,1432.568479043832,82192,55,-9.384350253719585,0.273931140880313,2.6819750487686735,9.763916126055598,0.014572260998463094,True,walking_dual_task,P08,26,0.284
2026-04-03T01:32:46.937083,1287.3424626224737,82192,57,-9.471974984528607,-0.5117592050800724,3.245991245354684,10.025800055678307,0.2618839296227087,True,walking_dual_task,P08,26,0.284
2026-04-03T01:32:46.995639,1455.208942732871,82288,55,-10.51395672606343,-1.5448554496365496,3.1809403391866615,11.09271138357395,1.0669113278956441,True,walking_dual_task,P08,26,0.284
2026-04-03T01:32:46.996155,1422.7593202574128,82288,54,-10.240009738546274,-1.5514243017020848,3.1259322599145656,10.818325623820394,0.2743857597535566,True,walking_dual_task,P08,26,0.284
2026-04-03T01:32:46.996861,1349.815057043042,82173,56,-9.686367590146267,-2.1850104439837574,2.9455047546256896,10.357412128098245,0.46091349572214924,True,walking_dual_task,P08,26,0.284
2026-04-03T01:32:47.055649,1299.6925942615792,82173,55,-9.574422824210526,-2.2184046769953247,2.780234417173349,10.213745402256384,0.1436667258418609,True,walking_dual_task,P08,26,0.284
2026-04-03T01:32:47.055934,1501.9265018735587,82128,55,-9.038237876847901,-2.1208106651529177,2.3761601488736463,9.582991122244122,0.6307542800122619,True,walking_dual_task,P08,26,0.284
2026-04-03T01:32:47.175917,1295.804544819723,82128,57,-9.003668777505716,-2.213660927207397,2.139925890882884,9.51554669864779,0.0674444235963314,True,walking_dual_task,P08,26,0.284
2026-04-03T01:32:47.235918,1374.9308793433675,82201,56,-8.755686523283979,-0.7270299695120542,2.2601819232137093,9.071881910420098,0.44366478822769295,True,walking_dual_task,P08,26,0.284
2026-04-03T01:32:47.236098,1360.2689185588645,82201,57,-8.641375995688719,0.2838473382252088,1.925854640923991,8.857926648389633,0.21395526203046522,True,walking_dual_task,P08,26,0.284
2026-04-03T01:32:47.236866,1289.9156929042213,82143,55,-8.465013863343632,0.3701811144932339,2.0951830842600776,8.72830372527772,0.12962292311191348,True,walking_dual_task,P08,26,0.284
2026-04-03T01:32:47.237440,1339.9698456377307,82143,56,-9.381764195704745,-0.10612635536784222,1.8462934071331494,9.562298968989335,0.833995243711616,True,walking_dual_task,P08,26,0.284
2026-04-03T01:32:47.238194,1422.9478153405923,82072,55,-9.45548767049022,-0.06087276885991244,2.0043562530033467,9.665784839822106,0.10348587083277039,True,walking_dual_task,P08,26,0.284
2026-04-03T01:32:47.238955,1397.4341435516944,82072,56,-9.974785042919036,-0.6830872410057831,1.9495172690821287,10.186440124681226,0.5206552848591208,True,walking_dual_task,P08,26,0.284
2026-04-03T01:32:47.295667,1362.6056788584997,82013,56,-9.782340123881887,-0.5666959669674045,1.7624501578739389,9.955980774252053,0.23045935042917343,True,walking_dual_task,P08,26,0.284
2026-04-03T01:32:47.295992,1367.2692442750936,82013,56,-9.999987537521804,-0.5688631316076272,1.8055992770672715,10.177600147502341,0.22161937325028802,True,walking_dual_task,P08,26,0.284
2026-04-03T01:32:47.296699,1327.7716515828824,82018,56,-9.506755797543255,-0.9837315613004006,1.6848026805271656,9.704879888547428,0.4727202589549133,True,walking_dual_task,P08,26,0.284
2026-04-03T01:32:47.297351,1316.8714102769281,82018,54,-9.641280846689524,-0.8082282533899579,1.7174671695998167,9.826353481987773,0.1214735934403457,True,walking_dual_task,P08,26,0.284
2026-04-03T01:32:47.298106,1408.6960591722727,82096,56,-9.951176717409881,-1.18361625849044,2.069481461727136,10.232771815540287,0.406418333552514,True,walking_dual_task,P08,26,0.284
2026-04-03T01:32:47.355753,1323.0347259153123,82096,56,-9.931537500995937,-1.0200530345068248,1.9752154541296394,10.177299318440415,0.05547249709987234,True,walking_dual_task,P08,26,0.284
2026-04-03T01:32:47.356018,1298.50187382322,82186,56,-9.854533899719028,-1.5701290944237727,2.3651596311424674,10.25529735476517,0.07799803632475566,True,walking_dual_task,P08,26,0.284
2026-04-03T01:32:47.356920,1306.7640913218727,82186,56,-9.6152000162045,-1.7807389543302805,2.6867755613682616,10.141097844526206,0.11419951023896502,True,walking_dual_task,P08,26,0.284
2026-04-03T01:32:47.415874,1420.7265345241467,82217,56,-9.692469287322446,-1.9491988520637287,2.555321352812883,10.211415389979829,0.0703175454536229,True,walking_dual_task,P08,26,0.284
2026-04-03T01:32:47.416193,1406.2092028372103,82217,55,-9.728725041856892,-2.1469530437922515,2.5493191370677115,10.283799218913302,0.07238382893347328,True,walking_dual_task,P08,26,0.284
2026-04-03T01:32:47.416810,1384.7811462722862,82184,57,-9.707095550205041,-1.9002682202025358,2.4420189953121536,10.188335492267008,0.09546372664629388,True,walking_dual_task,P08,26,0.284
2026-04-03T01:32:47.475683,1299.2116923252506,82184,55,-9.080151222292589,-1.993265602879985,2.2059500044654947,9.5544999558076,0.6338355364594079,True,walking_dual_task,P08,26,0.284
2026-04-03T01:32:47.476279,1348.368076069968,82164,56,-9.062658230108934,-2.2928978175616286,2.4358383650635655,9.66035522836793,0.1058552725603299,True,walking_dual_task,P08,26,0.284
2026-04-03T01:32:47.476993,1444.4712327581617,82164,58,-9.309949347633747,-2.1993439589960726,2.5416234392849626,9.898086704641523,0.23773147627359315,True,walking_dual_task,P08,26,0.284
2026-04-03T01:32:47.477577,1386.1087939221181,82149,55,-9.41105746119662,-2.389664695405514,2.911323295557644,10.136779726602956,0.23869302196143316,True,walking_dual_task,P08,26,0.284
2026-04-03T01:32:47.595770,1330.604520949487,82149,55,-9.447953419686515,-2.313642369115817,3.0709889824340277,10.200379314661056,0.06359958805809995,True,walking_dual_task,P08,26,0.284
2026-04-03T01:32:47.596179,1327.5126332901361,82122,54,-9.593645837771396,-2.049917960040491,3.0071866499440874,10.26076876511146,0.060389450450403004,True,walking_dual_task,P08,26,0.284
2026-04-03T01:32:47.596895,1414.3476371997476,82122,56,-9.490306470497837,-2.059955719214041,3.021354324211871,10.170443275567171,0.09032548954428776,True,walking_dual_task,P08,26,0.284
2026-04-03T01:32:47.597745,1334.1354957340106,82069,55,-10.002338367687992,-1.6373171846675434,3.085331577260519,10.594661454080155,0.4242181785129837,True,walking_dual_task,P08,26,0.284
2026-04-03T01:32:47.598228,1334.412663144801,82069,57,-10.056668708781979,-1.7258243106046245,3.043344501389347,10.647863674155737,0.05320222007558151,True,walking_dual_task,P08,26,0.284
2026-04-03T01:32:47.598879,1428.2464775644946,81909,56,-10.079002606217088,-1.64918479772542,3.095842074866355,10.671941818886209,0.024078144730472317,True,walking_dual_task,P08,26,0.284
2026-04-03T01:32:47.655715,1388.2482976820925,81909,56,-9.960066237728684,-1.7658112488802373,2.978008291580458,10.544645191344124,0.12729662754208526,True,walking_dual_task,P08,26,0.284
2026-04-03T01:32:47.656007,1379.0763629066107,81819,57,-10.04294368805598,-1.8123733167478508,2.964041312569948,10.626897753500051,0.08225256215592758,True,walking_dual_task,P08,26,0.284
2026-04-03T01:32:47.656787,1290.9107525638801,81819,55,-10.075427931090001,-1.671463467638424,2.962267312574901,10.634052179173663,0.007154425673611797,True,walking_dual_task,P08,26,0.284
2026-04-03T01:32:47.715620,1227.0026431730955,81844,57,-10.016307678509877,-1.7533181100504547,3.1208556704420123,10.636742171423395,0.002689992249731432,True,walking_dual_task,P08,26,0.284
2026-04-03T01:32:47.716220,1411.8271785990523,81844,57,-9.909505425987136,-1.496204805932272,3.069973919794882,10.481491615089146,0.15525055633424856,True,walking_dual_task,P08,26,0.284
2026-04-03T01:32:47.716872,1268.768668777266,81865,56,-10.016891549975558,-1.6794616446023878,3.0478657132384592,10.60415923803471,0.12266762294556344,True,walking_dual_task,P08,26,0.284
2026-04-03T01:32:47.775609,1381.5543832180147,81865,56,-9.958494176610643,-1.5805251891250431,3.1524641957056536,10.564454394063754,0.03970484397095575,True,walking_dual_task,P08,26,0.284
2026-04-03T01:32:47.776528,1313.1635457937994,81901,54,-9.982330196539566,-1.6994196608231467,3.0529924637433448,10.576185811530145,0.011731417466391392,True,walking_dual_task,P08,26,0.284
2026-04-03T01:32:47.777112,1403.3487786941703,81901,56,-10.002050396574509,-1.6119650374761676,2.9407521491333077,10.549287493489501,0.026898318040643687,True,walking_dual_task,P08,26,0.284
2026-04-03T01:32:47.895803,1270.0582587985932,81926,56,-10.02461688089597,-1.6707941386845848,3.109677682482707,10.628009783187924,0.07872228969842254,True,walking_dual_task,P08,26,0.284
2026-04-03T01:32:47.896248,1373.543581726268,81926,57,-9.567347185331155,-0.5346883209026778,1.4111803206860056,9.685631299128888,0.9423784840590361,True,walking_dual_task,P08,26,0.284
2026-04-03T01:32:47.896907,1236.6566193460421,81929,54,-9.691726578796683,-0.7410688111421723,1.3970056925825587,9.81989673907571,0.13426543994682305,True,walking_dual_task,P08,26,0.284
2026-04-03T01:32:47.897491,1379.8228869299292,81929,57,-9.766934013668662,-0.592420834782293,1.5141183690838362,9.901339147228473,0.08144240815276227,True,walking_dual_task,P08,26,0.284
2026-04-03T01:32:47.898167,1427.5527199292537,81942,55,-9.85698788948914,-0.27300143157425105,1.714496566906369,10.00870813407559,0.10736898684711704,True,walking_dual_task,P08,26,0.284
2026-04-03T01:32:47.898954,1319.2470451440186,81942,57,-9.624184747647567,-0.48639218961083114,1.541604059518105,9.75899853956794,0.2497095945076495,True,walking_dual_task,P08,26,0.284
2026-04-03T01:32:47.955961,1388.8827864789603,81978,55,-9.716628568062132,-0.26112795402595196,1.966502937347257,9.917065712228105,0.15806717266016435,True,walking_dual_task,P08,26,0.284
2026-04-03T01:32:47.956186,1319.4452820516758,81978,55,-9.819798849822549,-0.15391415694101312,1.6880106406815278,9.96501474869642,0.0479490364683155,True,walking_dual_task,P08,26,0.284
2026-04-03T01:32:47.956764,1343.2113279286266,82010,55,-9.901114537995992,-0.13703740551855548,1.8184998805948183,10.067660610129357,0.10264586143293641,True,walking_dual_task,P08,26,0.284
2026-04-03T01:32:48.015593,1327.563811294208,82010,58,-9.825242482245612,-0.13453562603156793,1.6794227823301207,9.968648381370718,0.0990122287586388,True,walking_dual_task,P08,26,0.284
2026-04-03T01:32:48.016104,1321.7835479797438,82035,57,-9.85785708249772,-0.3379157576419069,1.8601661883330944,10.037517201301865,0.06886881993114713,True,walking_dual_task,P08,26,0.284
2026-04-03T01:32:48.016771,1397.0603826490412,82035,56,-9.884243716656304,-0.3046227960175571,1.7268898823079577,10.038586432547701,0.001069231245836022,True,walking_dual_task,P08,26,0.284
2026-04-03T01:32:48.076151,1495.9640576414768,82058,56,-9.815946301488196,-0.3398832965031758,1.776865186846968,9.981261059664273,0.05732537288342776,True,walking_dual_task,P08,26,0.284
2026-04-03T01:32:48.076173,1411.7778943513977,82058,56,-9.91558215613002,-0.5598685328728663,1.6658601554699535,10.07011977717483,0.08885871751055596,True,walking_dual_task,P08,26,0.284
2026-04-03T01:32:48.076731,1340.4811141597309,82083,57,-9.619193088948169,-0.6322688033319502,1.5015249069216516,9.756188629185123,0.313931147989706,True,walking_dual_task,P08,26,0.284
2026-04-03T01:32:48.135684,1275.0532220740158,82083,56,-9.764127827185607,-0.6801103261942271,1.8446956696050585,9.960102629736102,0.20391400055097897,True,walking_dual_task,P08,26,0.284
2026-04-03T01:32:48.136141,1390.2295810887238,82120,57,-9.80827795490873,-0.46483902647227643,1.7056590692442257,9.966326535979812,0.00622390624370972,True,walking_dual_task,P08,26,0.284
2026-04-03T01:32:48.136694,1309.085365784501,82120,56,-9.801579577031793,-0.4871734781093008,1.9668386819748305,10.008833828352449,0.04250729237263684,True,walking_dual_task,P08,26,0.284
2026-04-03T01:32:48.195717,1339.8344760520556,82153,55,-9.7831717609419,-0.5474786498060783,1.774423472830847,9.957849227469636,0.050984600882813425,True,walking_dual_task,P08,26,0.284
2026-04-03T01:32:48.196030,1377.5111467010702,82153,55,-9.712612656601497,-0.5475777747234813,1.9913716473348952,9.929765710949882,0.028083516519753715,True,walking_dual_task,P08,26,0.284
2026-04-03T01:32:48.197034,1303.1719501516725,82204,55,-9.495160389009879,-0.5863551393110094,1.972473386528635,9.715582042419404,0.21418366853047743,True,walking_dual_task,P08,26,0.284
2026-04-03T01:32:48.256038,1267.6692977723148,82204,56,-9.748298450271404,-0.46131753317697094,1.8703041963294196,9.93680906170526,0.22122701928585542,True,walking_dual_task,P08,26,0.284
2026-04-03T01:32:48.256196,1294.7047636314448,82261,54,-9.571461714959325,-0.6188298318672159,1.7653585895235486,9.752554571564595,0.18425449014066508,True,walking_dual_task,P08,26,0.284
2026-04-03T01:32:48.256704,1361.0725814821499,82261,57,-9.611090980632403,-0.6094712499695569,1.700355467478733,9.779352420192136,0.026797848627541754,True,walking_dual_task,P08,26,0.284
2026-04-03T01:32:48.315629,1276.9799336322599,82285,56,-9.845808176208738,-0.5514743654830491,1.7411862160707385,10.013780108306678,0.2344276881145415,True,walking_dual_task,P08,26,0.284
2026-04-03T01:32:48.316860,1318.945301609928,82285,56,-9.636480906840102,-0.5394389335232156,1.7084473874436827,9.8016096181473,0.2121704901593784,True,walking_dual_task,P08,26,0.284
2026-04-03T01:32:48.317034,1331.7107792543163,82238,56,-9.6136198746267,-0.33326674684801727,1.9233803731448194,9.809798462668377,0.008188844521077598,True,walking_dual_task,P08,26,0.284
2026-04-03T01:32:48.375698,1367.4940240990043,82238,56,-9.767502501712038,-0.36910874162542345,1.8952935335075352,9.956529714827887,0.1467312521595101,True,walking_dual_task,P08,26,0.284
2026-04-03T01:32:48.376032,1293.449075892933,82260,56,-9.753264370598792,-0.315907536937466,1.8653113828765016,9.935056618347698,0.02147309648018947,True,walking_dual_task,P08,26,0.284
2026-04-03T01:32:48.376716,1296.951503448655,82260,56,-9.985012268588477,-0.2124720019730749,1.6730821231944615,10.126441534242803,0.19138491589510487,True,walking_dual_task,P08,26,0.284
2026-04-03T01:32:48.435635,1333.448583632129,82347,56,-9.898429468695902,-0.3638278558939257,1.8125230286879674,10.069583724513938,0.05685780972886434,True,walking_dual_task,P08,26,0.284
2026-04-03T01:32:48.436015,1239.9474926917405,82347,55,-9.862593478785769,0.012939646072531022,1.5524315218934566,9.984035316063164,0.08554840845077472,True,walking_dual_task,P08,26,0.284
2026-04-03T01:32:48.436773,1332.7617822745665,82391,57,-9.726046403389217,-0.09836906692724477,1.6266652216421147,9.861627393970453,0.12240792209271056,True,walking_dual_task,P08,26,0.284
2026-04-03T01:32:48.495819,1303.4696759676644,82391,55,-9.725127176482664,-0.2771056687301765,1.5325561186093273,9.849041293805756,0.012586100164696745,True,walking_dual_task,P08,26,0.284
2026-04-03T01:32:48.496128,1401.0475768162296,82397,55,-9.803862586745336,-0.29105596259683786,1.4235413157814076,9.910948747263541,0.06190745345778481,True,walking_dual_task,P08,26,0.284
2026-04-03T01:32:48.496742,1296.7122544903364,82397,55,-9.512093545513048,-0.09981741047442774,1.4656292963259083,9.624861368782076,0.28608737848146504,True,walking_dual_task,P08,26,0.284
2026-04-03T01:32:48.615584,1260.553729612193,82436,55,-9.502116354032056,-0.3495377392924183,1.5429038264322683,9.632909428328103,0.008048059546027275,True,walking_dual_task,P08,26,0.284
2026-04-03T01:32:48.616015,1447.216238879017,82436,56,-9.610597142350947,-0.23635581532056715,1.534026263208691,9.73512599200514,0.10221656367703602,True,walking_dual_task,P08,26,0.284
2026-04-03T01:32:48.616687,1437.9109228905154,82479,55,-9.577936615817745,-0.2320647539899134,1.4809138465779372,9.694525758780205,0.040600233224934,True,walking_dual_task,P08,26,0.284
2026-04-03T01:32:48.617466,1408.4752628515002,82479,56,-9.508944449859456,-0.4061522985735287,1.631048631643857,9.656360798920927,0.03816495985927837,True,walking_dual_task,P08,26,0.284
2026-04-03T01:32:48.618399,1523.9869597394857,82490,57,-9.462134013987702,-0.35614528134279766,1.5194980939734266,9.589978833014943,0.06638196590598433,True,walking_dual_task,P08,26,0.284
2026-04-03T01:32:48.675797,1371.3235390686186,82490,56,-9.527515554475391,-0.4660249666930521,1.634035751942288,9.677851246479117,0.08787241346417396,True,walking_dual_task,P08,26,0.284
2026-04-03T01:32:48.676143,1345.0237764230374,82517,58,-9.497476043299717,-0.5368871364321202,1.6591493460619795,9.656245416457487,0.021605830021629302,True,walking_dual_task,P08,26,0.284
2026-04-03T01:32:48.676786,1339.9486346871824,82517,56,-9.518034092042063,-0.44698031233394164,1.5466701169217685,9.653235355437467,0.003010061020020771,True,walking_dual_task,P08,26,0.284
2026-04-03T01:32:48.677465,1260.218483377237,82533,57,-9.669412224507811,-0.28137148637194725,1.7752645928365434,9.835052976745136,0.181817621307669,True,walking_dual_task,P08,26,0.284
2026-04-03T01:32:48.735885,1282.9730527454315,82533,55,-9.53139383441985,-0.34813750872786026,1.6798766361766142,9.684557484189561,0.15049549255557437,True,walking_dual_task,P08,26,0.284
2026-04-03T01:32:48.736317,1402.1598932218462,82557,56,-9.472779331388946,-0.15538306990911208,1.476906012279293,9.5884797297961,0.09607775439346078,True,walking_dual_task,P08,26,0.284
2026-04-03T01:32:48.736816,1295.713185421236,82557,55,-9.51018476183794,-0.22880890560997036,1.6720774368651992,9.65876858996294,0.07028886016683877,True,walking_dual_task,P08,26,0.284
2026-04-03T01:32:48.795516,1328.5594007864613,82601,55,-9.57357443463745,-0.3816770077466483,1.6551285039625838,9.723088766354838,0.0643201763918988,True,walking_dual_task,P08,26,0.284
2026-04-03T01:32:48.796021,1286.2315546812818,82601,56,-9.50894390080694,-0.5210202831761518,1.589512199503135,9.654948227543416,0.06814053881142179,True,walking_dual_task,P08,26,0.284
2026-04-03T01:32:48.796999,1297.1860172838406,82636,57,-9.330828226190112,-0.4606224370704282,1.5586626789786184,9.47132291514969,0.18362531239372615,True,walking_dual_task,P08,26,0.284
2026-04-03T01:32:48.855876,1403.1797489566486,82636,57,-9.704051280941082,-0.3540210557242292,1.5414689429773416,9.832093809214497,0.36077089406480667,True,walking_dual_task,P08,26,0.284
2026-04-03T01:32:48.915838,1364.9853833071927,82673,56,-9.69599379137696,-0.29471908961468984,1.7669317051400841,9.860081267151559,0.027987457937062032,True,walking_dual_task,P08,26,0.284
2026-04-03T01:32:48.975855,1326.2446419538862,82673,56,-9.647563689099156,-0.3983164363056046,1.4766761259850862,9.768045531205823,0.09203573594573555,True,walking_dual_task,P08,26,0.284
2026-04-03T01:32:48.976033,1324.8508568452303,82707,55,-9.682568826926886,-0.08673617130543179,1.4325134059556535,9.78834801740476,0.020302486198936265,True,walking_dual_task,P08,26,0.284
2026-04-03T01:32:48.976748,1305.7524789895695,82707,55,-9.708029567486355,-0.18753672619611333,1.5034303271337084,9.825543794386498,0.03719577698173815,True,walking_dual_task,P08,26,0.284
2026-04-03T01:32:48.977443,1346.6752613029141,82740,56,-9.887780943163396,-0.26653284977185393,1.3768344168885034,9.986737442804904,0.161193648418406,True,walking_dual_task,P08,26,0.284
2026-04-03T01:32:48.978822,1399.0396516806497,82740,54,-9.748718294194259,-0.3006600593191388,1.3263682864464041,9.84312743400787,0.14361000879703312,True,walking_dual_task,P08,26,0.284
2026-04-03T01:32:48.979355,1336.2503243096485,82773,54,-9.666288364735498,-0.40545661535498684,1.3240973564877854,9.764976171328527,0.07815126267934325,True,walking_dual_task,P08,26,0.284
2026-04-03T01:32:49.035642,1327.1543533571792,82773,57,-9.654336420505157,-0.16505359854935997,1.325523478369127,9.74630529495122,0.01867087637730691,True,walking_dual_task,P08,26,0.284
2026-04-03T01:32:49.036069,1333.172951428466,82803,55,-9.860529600207554,-0.23482706939089537,1.479339128462093,9.973646875946985,0.2273415809957644,True,walking_dual_task,P08,26,0.284
2026-04-03T01:32:49.036885,1310.8658135176777,82803,57,-9.698985022687987,-0.351694323722694,1.1812530948097912,9.7769810392402,0.19666583670678506,True,walking_dual_task,P08,26,0.284
2026-04-03T01:32:49.037444,1324.0312932189718,82832,56,-9.795666600034618,-0.5553332175104412,1.451448041262418,9.918174254266194,0.1411932150259947,True,walking_dual_task,P08,26,0.284
2026-04-03T01:32:49.095643,1378.4953653589494,82832,56,-9.689845797422374,-0.22736960064782458,1.5231993213247539,9.811470057315926,0.10670419695026823,True,walking_dual_task,P08,26,0.284
2026-04-03T01:32:49.095982,1320.1431120402556,82864,55,-9.713157324384715,-0.44272140264298865,1.4239829077096962,9.826960606925011,0.015490549609085136,True,walking_dual_task,P08,26,0.284
2026-04-03T01:32:49.096721,1411.764101524475,82864,56,-9.603467171622388,-0.3731400753252999,1.3884953293907172,9.71049610019913,0.11646450672588138,True,walking_dual_task,P08,26,0.284
2026-04-03T01:32:49.156025,1293.77094688458,82896,56,-9.763952817009129,-0.2850549826776728,1.3694330241390096,9.863639174439237,0.15314307424010742,True,walking_dual_task,P08,26,0.284
2026-04-03T01:32:49.156153,1309.1740474266232,82896,57,-9.730741926988204,-0.42691378428007487,1.5247135252063266,9.858719245561339,0.004919928877898272,True,walking_dual_task,P08,26,0.284
2026-04-03T01:32:49.156748,1508.5462309442698,82850,56,-9.701848730903428,-0.29988736451648246,1.3735211294834158,9.803181193973032,0.05553805158830727,True,walking_dual_task,P08,26,0.284
2026-04-03T01:32:49.215880,1371.4282406725624,82850,55,-9.72259636786559,-0.3510826423601743,1.385851597699796,9.82714219928901,0.023961005315978667,True,walking_dual_task,P08,26,0.284
2026-04-03T01:32:49.216153,1337.413830471302,82769,55,-9.784050812411328,-0.24630042971721078,1.4284670173346794,9.890845879960859,0.06370368067184806,True,walking_dual_task,P08,26,0.284
2026-04-03T01:32:49.216868,1296.43769823872,82769,56,-9.744759175023292,-0.31982769108822046,1.6647301189960984,9.891104463116351,0.00025858315549243116,True,walking_dual_task,P08,26,0.284
2026-04-03T01:32:49.276225,1378.0465723368372,82801,57,-9.777674684979132,-0.1616149639530241,1.5688245838299335,9.904052312901245,0.012947849784893606,True,walking_dual_task,P08,26,0.284
2026-04-03T01:32:49.276313,1356.5661020849764,82801,57,-9.856294598811884,-0.3025845900557586,1.569881784132452,9.985120403323057,0.0810680904218124,True,walking_dual_task,P08,26,0.284
2026-04-03T01:32:49.277150,1377.4456969648668,82836,57,-9.711605902806685,-0.33930605340518855,1.5190831219898997,9.835549366498123,0.1495710368249341,True,walking_dual_task,P08,26,0.284
2026-04-03T01:32:49.335802,1385.9315861616562,82836,57,-9.825527181164713,-0.2781895548129403,1.3966069503073781,9.928186379689922,0.09263701319179951,True,walking_dual_task,P08,26,0.284
2026-04-03T01:32:49.336065,1416.5391196601142,82844,55,-9.730086466017443,-0.25643646933127995,1.2517717353554958,9.813626993951512,0.11455938573840996,True,walking_dual_task,P08,26,0.284
2026-04-03T01:32:49.336730,1328.6832590444726,82844,56,-9.556416590606805,-0.4060745065125725,1.5013974454413979,9.6821582742301,0.13146871972141305,True,walking_dual_task,P08,26,0.284
2026-04-03T01:32:49.395707,1490.8996070162686,82860,56,-9.583041356376155,-0.47426256285104856,1.4898319313851665,9.709747978207913,0.027589703977813684,True,walking_dual_task,P08,26,0.284
2026-04-03T01:32:49.395978,1328.9665953651836,82860,56,-9.78291602668743,-0.3083498068503069,1.5564338435641387,9.910752337637856,0.20100435942994288,True,walking_dual_task,P08,26,0.284
2026-04-03T01:32:49.396743,1380.4759889912464,82874,54,-9.643461592941733,-0.6356859814747705,1.5292556775005839,9.784634438176708,0.12611789946114804,True,walking_dual_task,P08,26,0.284
2026-04-03T01:32:49.456386,1364.5008400369716,82874,57,-9.567418594860035,-0.4818668222163487,1.5675908956045255,9.706958093018052,0.07767634515865574,True,walking_dual_task,P08,26,0.284
2026-04-03T01:32:49.456647,1406.1625410177408,82870,57,-9.657900688012095,-0.4664121847598609,1.6551201293009212,9.809791469140109,0.10283337612205656,True,walking_dual_task,P08,26,0.284
2026-04-03T01:32:49.515973,1354.0337273924222,82870,56,-9.498998217715052,-0.4920672781527534,1.4664637927734199,9.624116240044994,0.18567522909511425,True,walking_dual_task,P08,26,0.284
2026-04-03T01:32:49.516327,1455.9132462674818,82862,56,-9.652018038598685,-0.1628082372257545,1.473381769721927,9.765183694068018,0.14106745402302323,True,walking_dual_task,P08,26,0.284
2026-04-03T01:32:49.517395,1409.4377161979808,82862,56,-9.770634289937359,-0.18972740245349035,1.224261772033816,9.848863274581735,0.08367958051371716,True,walking_dual_task,P08,26,0.284
2026-04-03T01:32:49.635663,1328.7236827101701,82859,56,-9.80996864866687,-0.23200891762493187,1.238872508975233,9.89060757078042,0.041744296198684694,True,walking_dual_task,P08,26,0.284
2026-04-03T01:32:49.636042,1261.109914467327,82859,55,-9.746369160105525,-0.33371851145707637,1.437661992099906,9.85748202399953,0.03312554678088908,True,walking_dual_task,P08,26,0.284
2026-04-03T01:32:49.636700,1282.231865105864,82867,55,-9.89922172804501,-0.16472759715339996,1.310919130236083,9.987003302707038,0.1295212787075073,True,walking_dual_task,P08,26,0.284
2026-04-03T01:32:49.637492,1410.8753412680865,82867,56,-9.827066967588863,-0.27092972002732923,1.4120869844462562,9.931698633683604,0.05530466902343356,True,walking_dual_task,P08,26,0.284
2026-04-03T01:32:49.638132,1460.9164621506648,82877,55,-9.649387219892175,-0.26989314726228386,1.4761239076656603,9.765370337121869,0.1663282965617352,True,walking_dual_task,P08,26,0.284
2026-04-03T01:32:49.638943,1422.8030925909281,82877,56,-9.67480343045207,-0.06564918729141642,1.384446182164716,9.773577771982458,0.008207434860588947,True,walking_dual_task,P08,26,0.284
2026-04-03T01:32:49.695697,1347.0547559576028,82885,56,-9.83941247101422,-0.2126872453851313,1.363603913978519,9.935727918643769,0.1621501466613111,True,walking_dual_task,P08,26,0.284
2026-04-03T01:32:49.696039,1327.9149639356738,82885,55,-9.771450103835942,-0.10973086764235093,1.355754699303167,9.865665147355834,0.07006277128793492,True,walking_dual_task,P08,26,0.284
2026-04-03T01:32:49.697113,1397.3192634632746,82884,53,-9.837809616874559,-0.39812061363871276,1.3758079778517718,9.94152129569686,0.0758561483410265,True,walking_dual_task,P08,26,0.284
2026-04-03T01:32:49.697411,1421.665387485381,82884,55,-9.741885718120141,-0.36864247882368295,1.3865601483690781,9.84696824749383,0.09455304820303034,True,walking_dual_task,P08,26,0.284
2026-04-03T01:32:49.755750,1326.6055931374844,82881,57,-9.848379863213689,-0.13699089530525016,1.5376408603590275,9.96863540566085,0.12166715816701945,True,walking_dual_task,P08,26,0.284
2026-04-03T01:32:49.756086,1365.087693082787,82881,55,-9.55152754576681,-0.0847688285964742,1.2529992153978395,9.633736100061666,0.33489930559918335,True,walking_dual_task,P08,26,0.284
2026-04-03T01:32:49.756802,1289.7471923831308,82893,57,-9.859230782116667,-0.2827964129477722,1.4174109789162257,9.964610344080956,0.3308742440192898,True,walking_dual_task,P08,26,0.284
2026-04-03T01:32:49.816431,1397.046586353886,82893,59,-9.88926759893111,-0.29970548771632716,1.5102248439227042,10.008407270981596,0.04379692690064019,True,walking_dual_task,P08,26,0.284
2026-04-03T01:32:49.816462,1372.6506604929007,82898,57,-9.754452565364955,-0.05618150335313696,1.4177138321164535,9.857099660703867,0.15130761027772976,True,walking_dual_task,P08,26,0.284
2026-04-03T01:32:49.875561,1366.4862743189515,82898,56,-9.76424129041423,-0.33538472433870414,1.4971930738580428,9.884051699134236,0.02695203843036964,True,walking_dual_task,P08,26,0.284
2026-04-03T01:32:49.875993,1296.8263607969875,82907,55,-9.634334781293678,-0.4025886551827234,1.5282062420320766,9.763088580030027,0.12096311910420887,True,walking_dual_task,P08,26,0.284
2026-04-03T01:32:49.876677,1402.4915937890876,82907,56,-9.738776737769548,-0.25000840918149597,1.5217217566303285,9.860117324727167,0.0970287446971394,True,walking_dual_task,P08,26,0.284
2026-04-03T01:32:49.935814,1334.492677361493,82923,56,-9.63339993821339,-0.38785604362883086,1.4247306598344571,9.745906019104714,0.11421130562245274,True,walking_dual_task,P08,26,0.284
2026-04-03T01:32:49.995746,1318.8759837149732,82923,56,-9.996837497398678,-0.23693011644882073,1.2333713088922884,10.075420617278239,0.3295145981735246,True,walking_dual_task,P08,26,0.284
2026-04-03T01:32:49.996350,1350.9670316519666,82931,55,-9.61808317909827,-0.30980301614228173,1.4246586884726409,9.727957356377779,0.34746326090045976,True,walking_dual_task,P08,26,0.284
2026-04-03T01:32:49.997026,1403.957707491625,82931,56,-9.735013539125864,-0.336261328458833,1.453354563456672,9.848644565375539,0.12068720899775975,True,walking_dual_task,P08,26,0.284
2026-04-03T01:32:49.997437,1350.6639175350138,82941,54,-9.861205726166835,-0.3128633822982549,1.387115037625689,9.963199787085271,0.11455522170973254,True,walking_dual_task,P08,26,0.284
2026-04-03T01:32:49.998130,1289.0241264532924,82941,55,-9.699963477126182,-0.32409233827496897,1.353626913052725,9.79931799264883,0.1638817944364419,True,walking_dual_task,P08,26,0.284
2026-04-03T01:32:49.998856,1296.2122860607271,82948,56,-9.671372470129908,-0.288721227731611,1.2622207136591261,9.757663989568387,0.04165400308044198,True,walking_dual_task,P08,26,0.284
2026-04-03T01:32:50.055827,1367.5374385239008,82948,58,-9.685822896116196,-0.41706549718276875,1.1635031333615595,9.76436625415143,0.00670226458304235,True,walking_dual_task,P08,26,0.284
2026-04-03T01:32:50.115736,1365.2539419063285,82924,55,-9.662926892223977,-0.47498776325883657,1.3405895887481825,9.76703383557009,0.002667581418659637,True,walking_dual_task,P08,26,0.284
2026-04-03T01:32:50.116259,1384.1279348563012,82924,56,-9.689127642171325,-0.40567762101374266,1.3284608977857209,9.788185590569148,0.021151754999058525,True,walking_dual_task,P08,26,0.284
2026-04-03T01:32:50.116726,1339.6074491963197,82816,56,-9.830243931372026,-0.25142252465602477,1.4047815691722199,9.93329352698625,0.1451079364171015,True,walking_dual_task,P08,26,0.284
2026-04-03T01:32:50.117981,1335.769779829278,82816,58,-9.719523066192332,-0.2464880912599997,1.2880381444737976,9.807595386994576,0.12569813999167323,True,walking_dual_task,P08,26,0.284
2026-04-03T01:32:50.118159,1256.6185959032832,82788,55,-9.754549668144238,-0.2833210432647955,1.3329158080860513,9.849272795150675,0.041677408156099105,True,walking_dual_task,P08,26,0.284
2026-04-03T01:32:50.175754,1248.7644735429592,82788,56,-9.963815877345727,-0.21711439786029588,1.2850418180691745,10.048686380497283,0.19941358534660836,True,walking_dual_task,P08,26,0.284
2026-04-03T01:32:50.175928,1348.2473269940767,82827,56,-9.96639503257858,0.022460160394485146,1.390304723756482,10.062926096772824,0.014239716275540104,True,walking_dual_task,P08,26,0.284
2026-04-03T01:32:50.176681,1388.7402365021355,82827,55,-9.837832457844456,-0.3529140010127589,1.4952695070509527,9.957074201764549,0.10585189500827497,True,walking_dual_task,P08,26,0.284
2026-04-03T01:32:50.235809,1312.004570950142,82854,55,-9.729620171462726,-0.3129359571737914,1.2607926029196015,9.815958210068104,0.14111599169644506,True,walking_dual_task,P08,26,0.284
2026-04-03T01:32:50.236210,1332.9576729917624,82854,55,-9.717011686635988,-0.3496468162334814,1.4655885657787153,9.83313372524059,0.017175515172485945,True,walking_dual_task,P08,26,0.284
2026-04-03T01:32:50.236908,1346.9770014412006,82851,55,-9.588866129496534,-0.5782952715179619,1.2339543942266182,9.685216699563156,0.14791702567743314,True,walking_dual_task,P08,26,0.284
2026-04-03T01:32:50.355872,1397.2179556295548,82851,55,-9.649539139026635,-0.3034405061601466,1.2192275152843906,9.730991597489547,0.04577489792639078,True,walking_dual_task,P08,26,0.284
2026-04-03T01:32:50.356118,1416.716192381446,82852,57,-9.84720331586953,-0.39222561537194217,1.5084499219892655,9.969788124357267,0.2387965268677199,True,walking_dual_task,P08,26,0.284
2026-04-03T01:32:50.356740,1399.695658644548,82852,56,-9.597500982169013,-0.20025518092925806,1.4193825922654273,9.70395662518389,0.2658314991733768,True,walking_dual_task,P08,26,0.284
2026-04-03T01:32:50.357410,1263.511800378037,82864,57,-9.777756060473644,-0.32007557896751326,1.4054097801322414,9.883427472515383,0.17947084733149232,True,walking_dual_task,P08,26,0.284
2026-04-03T01:32:50.358146,1321.3591784793098,82864,56,-9.721883720911379,-0.24896456382030765,1.403351340004589,9.825802838468345,0.05762463404703766,True,walking_dual_task,P08,26,0.284
2026-04-03T01:32:50.359619,1247.7610129340742,82852,56,-9.66418215190342,-0.2762514389137194,1.3122255176498998,9.756775457693083,0.06902738077526216,True,walking_dual_task,P08,26,0.284
